988 1182
747 278
576 698
494 389
224 692
72 929
287 787
679 337
600 101
786 772
629 67
851 492
350 125
664 951
762 647
584 678
722 811
724 14
456 431
809 583
692 247
399 593
944 671
476 66
118 213
844 282
171 253
475 39
931 201
95 632
666 292
511 372
738 152
715 594
795 681
858 697
239 507
590 293
807 507
717 132
296 28
830 509
324 270
82 231
96 390
678 914
315 612
91 395
690 965
728 662
433 688
527 965
348 761
353 961
722 140
724 931
929 781
297 72
952 276
333 826
50 196
62 797
948 629
603 266
857 635
761 129
575 851
350 863
856 171
14 896
733 657
239 758
89 915
883 758
605 595
690 879
758 506
45 517
407 98
530 26
586 536
544 971
553 814
508 622
504 566
428 535
413 719
222 167
338 116
572 243
593 361
486 4
231 723
667 161
259 515
267 893
584 428
817 734
415 431
875 374
779 224
263 125
953 667
557 520
985 642
587 468
943 78
364 706
803 716
715 350
918 630
301 921
451 938
379 473
483 84
965 659
519 420
292 791
952 111
637 920
588 161
760 224
966 132
920 786
923 884
61 125
933 326
42 130
437 604
572 470
448 231
856 228
266 436
796 962
896 843
806 600
725 48
755 845
286 223
129 77
699 265
107 915
765 464
97 95
662 707
342 644
321 844
100 81
848 370
722 602
726 595
311 492
539 170
737 166
13 765
833 249
797 163
366 500
371 436
76 406
474 252
623 92
279 69
914 908
316 939
459 264
822 666
557 922
157 811
934 867
59 423
597 36
560 474
158 645
462 718
242 595
215 582
131 27
731 758
355 367
46 133
112 873
702 87
937 803
6 191
975 799
793 972
764 917
287 827
36 663
877 20
313 706
810 927
699 745
761 828
816 426
711 46
170 382
771 524
787 934
247 305
537 370
155 668
445 339
803 52
940 230
314 66
942 187
391 670
236 561
530 735
955 799
502 737
330 671
447 503
387 952
112 298
13 236
922 526
718 476
905 918
46 177
942 934
674 855
177 154
834 771
921 257
70 289
937 511
933 726
837 321
19 289
578 507
120 500
244 506
922 20
926 213
534 36
228 676
364 25
258 23
557 590
266 206
318 720
748 395
310 390
967 92
290 643
468 15
602 806
873 168
305 708
483 261
353 185
430 543
869 560
98 585
166 38
804 4
743 419
654 536
563 398
718 582
682 408
913 282
186 965
505 276
192 420
835 304
71 214
559 677
708 254
99 110
950 728
313 26
595 786
583 629
880 165
268 658
360 417
488 246
338 5
808 746
184 698
289 111
277 548
624 789
238 896
805 891
616 977
647 299
107 946
168 709
661 244
365 727
114 195
631 954
3 15
624 297
853 738
931 491
552 415
977 482
165 857
524 932
529 726
141 276
836 646
325 796
174 418
912 749
909 533
936 610
615 740
90 27
988 350
371 105
528 804
516 421
34 520
488 64
257 110
916 245
444 212
922 308
908 734
691 662
204 970
711 161
208 525
86 928
88 319
776 324
746 255
441 692
201 852
717 602
809 488
197 411
429 16
321 337
427 503
469 895
715 635
489 192
673 199
720 57
924 986
436 335
269 778
564 250
583 686
220 209
211 307
42 873
242 834
642 639
613 337
785 512
698 758
294 127
1 49
980 331
354 228
688 566
479 785
141 559
778 528
174 99
518 622
115 181
87 68
452 906
962 646
329 270
440 978
728 540
231 44
232 683
260 932
858 170
590 902
462 205
325 655
191 568
987 75
31 866
110 142
85 369
712 635
778 758
976 301
28 422
312 767
254 955
518 90
629 26
825 305
566 758
907 716
947 410
465 775
636 553
168 170
314 201
554 306
752 609
922 591
50 582
156 353
429 61
815 553
865 749
844 458
669 922
173 758
798 213
228 713
432 138
965 171
654 196
646 214
244 478
686 301
542 200
947 546
244 236
335 520
257 905
943 299
879 324
42 128
495 912
551 23
107 134
355 931
888 233
642 92
350 585
860 30
756 490
98 351
144 510
127 869
770 273
140 735
757 867
102 605
480 38
531 513
593 889
38 438
526 226
164 766
916 679
926 315
956 959
830 15
467 211
597 256
693 25
863 772
384 14
64 504
21 898
622 376
659 494
788 519
838 344
375 762
39 566
15 901
469 530
277 812
585 876
838 78
293 837
240 42
964 741
780 935
401 606
25 169
318 967
18 38
552 498
758 326
609 682
243 951
274 75
47 111
685 189
767 43
668 159
845 952
565 186
312 967
522 235
21 502
864 403
788 971
869 365
482 737
255 879
961 421
422 409
393 539
489 286
914 465
474 561
416 606
460 742
819 321
723 62
433 815
458 904
16 688
695 272
492 667
931 758
431 852
796 599
874 362
84 865
986 972
408 537
400 297
331 378
24 504
429 562
637 269
287 514
140 922
139 655
221 503
539 476
539 3
107 358
366 409
688 337
101 297
129 344
653 74
672 661
34 240
142 211
150 262
909 595
288 120
202 207
930 973
296 136
355 423
483 836
743 279
746 521
828 402
734 97
116 492
844 737
448 815
961 140
808 843
803 244
793 960
510 832
985 615
536 715
733 311
594 819
80 335
454 539
462 756
300 8
386 836
633 727
545 770
276 247
677 714
732 62
215 690
404 309
771 151
798 745
3 289
184 623
201 285
425 176
865 668
101 358
453 732
238 290
540 486
255 554
154 530
584 813
478 256
596 163
965 230
684 457
458 38
629 637
533 702
282 840
152 941
870 173
564 968
615 854
391 249
419 228
4 619
829 731
505 842
712 696
717 333
19 154
842 19
836 583
558 88
10 856
532 956
212 102
750 297
902 657
595 593
678 452
280 947
946 150
218 724
555 104
581 595
290 949
701 748
57 122
798 587
883 797
590 217
729 335
369 634
339 663
531 138
83 692
796 485
27 919
528 779
307 841
101 144
877 707
449 282
716 281
327 678
739 834
567 136
58 863
822 715
289 456
547 828
87 290
987 510
177 346
620 1
145 110
802 196
242 481
184 690
578 71
363 881
640 725
671 391
415 842
773 747
627 496
88 539
382 918
722 191
758 324
279 821
844 107
444 602
758 543
322 196
381 720
835 632
599 893
416 341
411 251
951 874
713 386
924 66
845 953
252 919
833 807
574 215
388 795
661 931
485 793
790 646
371 736
227 39
246 321
391 567
303 250
413 27
155 720
640 367
147 870
220 898
543 57
608 373
837 466
178 4
526 283
524 319
345 699
532 627
75 248
771 444
446 760
587 134
866 457
258 576
185 772
125 650
277 168
417 338
846 106
468 299
597 272
840 646
581 604
710 218
588 649
681 674
858 978
397 588
616 141
359 367
275 806
87 401
109 900
960 920
93 970
706 180
398 173
548 301
280 786
61 514
564 147
836 255
811 697
951 71
426 745
774 452
130 414
460 136
281 676
586 362
345 402
930 171
465 107
543 591
412 195
178 250
282 383
776 478
960 107
870 546
642 963
607 87
111 18
915 439
688 594
924 63
640 369
49 169
167 826
606 750
383 4
310 406
803 395
963 479
582 375
520 594
859 670
827 229
56 331
324 500
787 862
482 332
610 432
521 379
837 891
622 793
401 151
382 215
771 158
699 394
785 724
717 690
460 796
215 193
593 205
9 952
415 465
862 359
876 85
864 854
804 199
279 389
258 979
590 517
476 331
606 430
660 981
513 208
555 137
570 419
128 834
584 510
142 239
570 746
609 415
883 980
403 563
938 43
692 758
387 502
330 525
954 772
760 947
283 77
907 704
343 165
387 988
388 22
825 79
643 928
3 273
686 727
80 583
650 162
739 918
688 694
590 158
58 355
284 246
354 823
877 41
710 631
498 156
375 474
835 39
431 670
6 34
335 340
429 434
969 908
671 225
751 123
459 73
291 515
379 792
40 769
458 810
366 519
600 538
33 687
931 799
319 439
37 987
146 639
411 706
147 435
231 738
794 148
944 966
311 933
831 552
105 340
60 2
904 518
771 887
517 299
620 601
729 841
574 711
280 376
122 921
780 299
827 360
810 480
745 184
916 127
171 837
514 871
483 313
194 755
415 373
642 607
269 377
460 647
527 800
716 166
67 542
426 556
679 982
7 947
70 962
815 679
766 612
908 93
137 805
938 29
328 212
764 985
815 238
594 577
73 679
581 41
661 916
646 818
549 167
43 986
664 687
215 586
563 586
305 537
114 297
834 322
693 82
268 584
948 26
685 908
374 834
707 805
50 888
857 661
647 301
543 944
442 233
829 55
596 294
719 434
594 242
784 728
603 444
139 299
786 833
63 395
937 864
912 901
92 2
379 110
446 348
883 240
138 358
270 519
538 513
621 560
47 636
192 523
896 311
57 942
906 706
774 272
2 369
527 327
49 563
899 108
867 518
924 336
668 202
201 415
603 653
729 890
764 898
284 495
766 319
119 15
853 907
479 936
392 849
218 857
336 426
466 143
120 743
260 293
448 814
967 326
471 445
231 415
883 366
149 579
175 444
254 563
227 311
959 97
457 520
763 695
881 307
908 705
263 495
507 718
149 827
651 872
16 414
11 66
901 807
745 566
450 829
288 295
604 212
633 302
899 368
40 636
854 331
353 441
68 724
952 884
286 91
845 833
629 111
265 225
192 532
274 866
268 465
67 767
775 953
679 868
524 690
314 229
274 230
935 956
972 138
630 426
389 642
879 977
518 627
167 323
894 826
643 163
258 314
309 790
182 113
334 626
230 95
795 717
266 783
939 951
573 332
118 850
667 452
305 363
933 704
810 442
783 760
73 115
88 53
939 658
559 87
111 124
387 209
250 436
552 919
900 218
449 442
611 810
926 516
429 212
400 183
978 200
59 56
156 591
642 246
816 661
604 110
828 749
51 119
80 824
541 154
444 742
238 651
734 665
332 718
512 367
300 320
930 383
540 639
511 667
585 718
470 673
636 236
727 70
780 562
390 681
627 476
191 743
475 440
411 943
241 371
877 238
888 547
948 700
204 701
322 620
438 607
522 695
601 142
792 747
561 177
656 295
463 662
829 613
922 353
319 747
709 785
266 262
574 983
98 33
917 419
63 716
553 240
466 6
130 67
685 499
789 561
261 866
980 654
638 102
847 204
759 563
401 819
389 842
948 86
949 832
161 293
286 661
670 137
211 329
135 871
252 456
143 11
714 654
986 816
417 276
672 74
448 737
501 684
426 870
50 67
974 876
367 832
312 208
794 611
805 888
867 392
743 636
66 323
585 942
425 792
381 901
735 202
335 396
705 568
894 666
972 417
10 676
382 437
645 328
977 398
426 659
291 651
338 817
353 101
211 3
415 258
955 488
128 382
555 754
856 96
120 693
282 204
854 789
732 824
