1000 9895
780 725
711 707
813 591
346 33
811 233
963 946
582 856
751 947
349 760
920 799
119 165
68 613
513 656
401 350
61 748
726 230
928 169
141 210
910 489
768 450
539 371
593 339
61 861
942 958
943 355
254 691
4 35
743 694
726 960
285 518
839 99
696 147
645 294
938 816
698 666
429 955
835 712
433 440
571 894
454 22
844 650
847 741
919 184
153 521
306 329
564 669
677 102
738 782
398 633
58 918
991 346
169 279
745 816
121 110
304 570
321 636
788 868
628 539
431 663
22 148
704 59
478 442
311 248
767 112
309 936
410 254
79 82
928 261
391 182
913 690
552 14
365 111
240 586
993 140
542 745
448 519
797 39
897 838
817 47
451 249
463 742
427 768
779 503
980 604
694 198
452 213
200 134
828 536
812 117
775 3
978 141
409 702
138 68
88 748
327 632
890 996
816 975
689 343
980 818
125 837
868 819
690 891
160 978
177 916
90 159
592 821
419 851
868 898
817 580
765 262
898 903
398 511
481 923
263 755
161 361
19 712
534 810
223 255
632 692
925 359
857 337
416 921
511 688
739 149
260 26
34 900
655 435
948 175
791 691
630 473
383 683
782 50
749 453
752 375
400 284
60 302
373 977
286 824
530 74
839 212
13 959
679 623
610 544
406 497
890 92
709 760
191 849
606 112
519 875
925 860
965 799
754 782
23 233
192 299
602 874
628 750
991 604
975 123
387 738
337 435
652 174
966 266
954 322
421 911
548 126
366 561
829 344
471 243
728 602
340 928
894 75
880 693
168 753
634 908
216 969
965 484
823 970
20 917
183 427
134 117
391 862
17 889
987 197
570 103
256 227
202 867
538 761
152 436
501 921
262 969
854 663
86 781
17 778
604 842
290 286
552 949
646 99
371 729
599 65
565 849
750 471
769 340
6 349
725 539
906 327
433 939
807 5
989 930
170 90
887 251
1000 389
621 299
967 835
532 364
440 188
39 364
792 864
705 880
265 311
484 653
583 883
325 655
752 437
414 720
610 975
727 465
374 430
186 787
495 110
868 363
692 839
683 950
388 346
27 138
389 559
984 215
947 973
530 31
625 155
53 594
238 726
614 873
808 348
14 295
108 70
827 993
952 932
378 30
374 257
502 330
658 778
607 317
793 529
386 73
294 582
886 492
279 246
50 218
603 324
685 500
79 101
170 835
979 171
698 513
571 501
19 922
349 511
442 195
708 71
244 203
438 191
353 853
82 109
923 545
482 691
656 420
305 202
918 351
917 451
519 275
633 270
600 577
283 831
488 827
875 697
146 865
830 955
405 768
335 579
31 346
665 436
635 738
611 41
695 272
698 52
789 987
646 956
479 901
494 29
55 614
315 989
190 219
156 479
677 811
730 810
402 955
242 186
260 301
777 157
7 528
158 388
402 437
678 719
618 944
790 868
97 659
389 865
415 993
329 608
551 437
554 107
422 235
575 307
981 104
621 49
770 643
164 438
674 152
202 498
373 792
230 947
145 39
939 701
526 495
344 129
587 207
718 791
222 166
792 937
830 929
945 393
602 512
199 658
248 332
585 883
782 695
749 576
647 687
933 265
457 192
439 464
795 312
984 751
508 757
172 316
746 631
301 96
432 401
710 964
732 772
936 769
611 641
704 365
957 629
462 13
120 100
46 332
818 477
733 238
456 102
662 170
224 898
847 154
280 916
64 635
965 299
950 145
457 540
205 486
541 126
764 635
12 586
706 981
916 144
516 970
21 500
542 846
104 854
525 900
513 68
237 934
533 393
864 816
832 865
545 363
910 605
570 142
994 713
777 808
975 917
669 202
546 119
655 779
968 989
381 632
897 455
337 754
643 832
293 327
423 964
754 212
663 192
522 734
863 338
908 763
35 927
394 685
400 418
623 458
244 681
118 134
770 615
847 631
243 903
32 812
752 219
862 35
683 668
888 602
559 1
14 654
272 25
74 157
528 780
899 68
774 848
886 468
814 177
282 78
709 293
32 633
395 401
814 32
248 215
135 25
71 713
862 748
794 84
247 868
436 501
861 396
267 97
441 449
735 243
171 600
559 581
854 831
751 429
907 61
358 281
453 571
111 947
771 602
11 209
638 928
710 605
756 299
115 421
388 525
157 439
154 747
176 367
656 537
803 730
343 141
924 638
636 304
643 926
237 795
416 681
281 661
103 866
735 445
310 536
668 490
299 265
262 671
893 417
899 710
306 856
146 901
636 942
342 792
611 321
61 864
523 663
434 274
861 665
543 487
153 714
549 876
182 847
808 426
40 820
939 628
580 950
840 795
532 653
442 603
867 278
464 803
529 385
527 906
164 302
862 31
386 98
973 926
903 715
406 97
870 570
743 264
670 902
175 300
288 640
827 981
149 705
900 655
957 362
566 699
395 833
680 17
183 998
559 379
337 940
268 160
23 974
663 997
429 499
784 142
894 249
362 918
69 655
805 616
331 913
758 536
337 348
245 635
547 161
250 803
694 304
146 890
519 447
116 200
726 721
33 660
826 91
219 524
509 792
293 987
445 752
797 347
552 950
621 520
927 601
34 792
458 764
989 816
29 19
431 675
927 750
553 905
428 663
251 28
126 920
713 807
694 915
609 886
319 719
420 918
293 480
792 513
646 428
869 573
184 305
302 257
195 341
792 735
856 402
395 574
306 79
74 499
438 624
844 723
151 85
771 56
848 677
978 748
481 76
500 344
526 306
305 926
418 599
994 591
222 997
316 378
335 14
965 899
468 429
479 149
628 707
135 871
528 449
802 544
16 245
737 93
810 771
741 573
979 904
289 716
755 881
811 707
262 249
229 378
267 149
992 508
665 10
104 748
159 272
309 419
238 379
647 127
63 884
335 755
11 807
522 231
225 749
281 563
781 922
855 105
271 904
703 949
526 662
29 70
746 488
929 88
858 174
755 346
904 394
725 574
542 412
526 513
527 360
565 37
587 565
218 176
661 498
384 578
265 996
407 446
688 432
262 615
748 512
985 338
34 542
706 12
139 917
753 111
290 999
649 180
706 447
592 13
446 738
692 254
915 345
682 436
407 13
673 425
685 246
525 127
442 672
896 965
438 604
974 642
866 27
562 256
601 478
433 380
382 809
352 268
960 75
952 671
169 154
211 48
999 59
106 166
884 841
597 314
447 629
323 699
585 172
333 767
573 467
888 507
281 211
641 371
181 426
515 326
457 946
521 773
812 252
851 350
496 38
272 521
76 519
148 20
459 938
647 210
742 212
745 176
637 482
506 868
547 966
231 593
987 159
203 652
135 65
162 171
343 391
954 959
695 82
170 164
854 732
878 214
402 781
405 630
320 654
525 869
878 65
26 976
78 521
885 54
61 746
855 960
159 985
971 207
915 584
892 331
363 415
805 332
381 970
256 647
956 744
353 389
789 111
118 135
174 661
825 503
207 471
354 41
209 874
925 596
340 244
485 973
913 116
248 395
84 241
602 626
624 998
182 642
581 472
799 529
29 222
767 493
988 462
697 783
594 597
813 757
421 536
619 915
580 535
184 916
349 294
758 898
483 972
634 660
999 428
837 17
880 572
441 448
295 549
390 507
943 741
33 542
716 821
261 343
816 227
20 56
197 916
629 764
104 804
674 368
654 906
16 618
953 319
185 165
849 254
309 12
55 568
606 85
391 538
102 596
789 643
996 89
264 786
910 681
289 161
290 730
240 401
114 438
721 230
388 179
688 489
356 335
104 224
450 916
78 758
697 397
976 436
7 744
322 218
986 885
887 55
264 223
595 331
268 575
290 815
741 99
888 810
541 294
602 308
621 248
680 726
803 637
41 28
938 786
580 951
463 861
152 216
943 103
658 149
899 133
347 960
645 425
739 450
80 709
108 544
896 909
948 638
808 201
331 596
702 333
787 391
671 574
377 246
822 958
469 718
404 515
760 433
813 729
692 744
999 242
512 844
163 508
989 56
6 602
210 961
407 761
992 243
64 646
799 184
175 754
641 589
452 21
883 331
614 233
245 634
943 761
141 655
353 984
775 976
413 783
984 885
664 883
538 852
261 491
854 570
67 404
30 40
488 255
417 165
608 144
681 836
205 62
171 498
341 974
414 794
272 895
863 969
908 477
837 986
324 547
935 125
523 327
247 421
214 22
678 673
869 346
545 124
929 925
986 166
532 366
436 187
899 549
95 902
77 695
569 838
468 788
714 748
517 15
904 92
482 440
853 167
375 295
403 528
406 689
133 391
28 227
395 672
490 622
622 719
866 133
919 141
540 70
386 460
139 679
639 392
197 357
60 163
5 622
317 844
526 384
306 223
108 215
843 268
883 747
313 989
601 370
127 986
275 537
481 188
600 182
512 808
106 835
736 438
516 412
760 316
656 23
819 709
14 865
823 149
266 866
799 156
288 209
513 291
786 48
976 643
595 219
800 34
413 866
325 467
475 41
244 282
462 465
599 656
842 659
916 254
383 881
591 316
439 547
195 71
470 863
146 513
71 943
55 755
647 399
906 7
905 326
858 316
256 368
119 301
211 798
450 391
721 157
164 835
915 13
865 970
302 721
433 806
345 50
274 14
421 205
665 871
80 321
977 981
636 206
2 616
715 217
217 257
369 869
563 477
138 688
469 322
891 533
39 624
26 433
759 161
597 70
160 311
491 423
607 125
574 334
601 428
749 284
18 700
130 258
278 138
321 661
451 706
692 908
126 448
163 342
37 369
957 288
524 837
887 547
157 876
1000 952
212 233
430 160
72 924
698 688
680 91
61 171
226 413
279 389
249 868
488 748
128 525
310 293
844 805
511 753
318 784
581 150
799 227
128 956
805 606
420 241
871 205
656 386
140 819
702 837
24 364
595 247
91 340
730 865
348 317
354 958
171 284
964 87
328 817
902 421
544 833
284 580
447 8
485 197
953 147
268 445
65 595
603 479
342 417
18 427
971 531
410 20
259 943
556 943
392 268
817 605
945 608
694 805
170 974
848 117
649 356
446 466
730 121
52 109
24 937
365 805
845 280
260 402
816 610
411 774
602 63
772 501
155 285
929 822
805 331
700 631
744 851
784 570
478 447
825 502
94 173
39 532
80 587
307 484
92 918
739 425
758 455
317 771
32 925
469 440
625 306
218 888
202 69
221 423
993 310
831 50
957 467
981 477
32 524
793 667
316 332
92 293
287 221
288 725
257 794
295 710
245 343
226 417
934 626
340 681
948 808
642 111
914 648
720 915
864 4
371 277
474 534
326 543
106 188
906 667
391 81
853 870
656 494
215 269
287 896
589 512
176 840
244 291
318 622
211 666
530 942
927 176
290 541
676 880
242 828
687 595
64 968
928 669
253 412
806 658
312 434
883 61
976 873
579 276
119 503
763 675
176 353
964 218
267 954
510 644
155 957
726 436
968 876
56 806
916 404
699 524
181 309
665 930
688 283
907 763
639 962
12 989
17 589
298 62
371 540
325 729
655 158
844 864
640 333
507 170
716 472
38 180
5 437
1000 470
268 937
575 398
700 932
591 985
209 683
249 390
891 51
838 606
550 162
492 30
477 420
501 280
657 808
382 565
649 860
959 635
948 28
239 773
882 628
350 422
117 473
47 386
435 420
546 962
106 989
692 580
841 262
804 414
93 241
274 941
83 71
653 111
512 845
767 17
272 150
789 415
572 1
455 895
244 242
941 180
11 819
625 649
318 808
49 85
267 26
766 426
633 375
916 964
174 447
358 424
264 620
345 895
362 807
14 685
223 890
957 812
907 91
48 821
280 125
155 891
708 5
323 33
108 825
806 702
609 712
56 694
834 687
301 866
543 341
447 64
450 164
570 213
517 586
475 795
974 371
885 860
155 921
546 74
458 855
638 700
355 705
471 719
882 242
868 929
171 147
711 533
471 700
809 533
557 603
82 893
1000 392
138 955
303 359
568 527
592 50
609 884
819 246
27 353
178 975
199 904
576 710
579 989
818 575
526 244
375 357
674 571
217 188
127 385
610 957
113 371
296 301
313 657
904 44
799 805
395 675
303 42
251 493
514 695
610 812
791 833
334 916
939 594
583 35
414 146
255 434
793 613
596 350
580 827
541 555
302 225
948 595
571 552
257 928
439 344
992 278
254 329
607 335
786 452
382 957
563 813
505 309
987 713
404 919
678 305
903 463
282 311
17 846
289 593
70 976
435 719
721 566
767 714
484 468
429 469
489 122
254 539
318 599
656 310
987 260
288 519
115 65
673 533
214 631
2 587
458 885
354 778
300 356
410 804
324 354
896 99
608 189
60 984
775 213
172 814
467 966
124 471
841 553
336 917
43 27
195 356
252 115
288 593
932 839
773 325
539 53
66 459
125 620
829 622
870 545
178 608
431 310
288 32
481 561
743 825
375 405
772 417
539 470
96 956
360 609
716 198
717 539
666 991
246 29
892 519
786 404
809 973
956 804
134 988
47 469
361 950
947 91
343 866
236 498
495 679
576 895
80 654
173 479
24 945
316 377
999 164
726 612
434 796
257 829
535 70
168 368
491 301
478 621
282 408
32 719
736 339
261 878
529 693
864 503
941 13
500 963
746 999
893 884
548 177
56 719
110 518
450 950
423 351
25 212
320 540
267 179
752 538
107 560
663 477
314 250
428 134
346 839
503 229
935 337
183 492
63 874
15 727
881 519
629 765
794 930
86 840
915 842
362 832
872 493
190 44
360 129
420 369
551 231
39 467
707 445
730 70
712 453
696 970
569 60
845 279
744 950
906 493
804 848
42 794
700 897
701 440
207 691
873 561
164 582
424 299
905 316
818 711
467 399
402 350
442 723
4 190
212 441
216 60
572 425
558 620
173 775
688 565
344 459
74 152
865 371
910 404
120 822
945 315
379 963
178 426
73 64
456 344
684 608
960 216
4 195
582 67
710 916
617 556
73 418
440 923
206 198
499 120
915 682
158 953
811 525
443 385
689 105
449 972
451 138
949 919
271 703
577 198
853 828
932 554
75 39
262 993
484 81
937 39
682 532
55 570
986 430
7 964
213 351
713 703
650 168
228 444
858 23
345 248
492 377
610 807
661 552
501 453
212 648
503 155
587 332
865 866
338 802
925 276
263 909
855 599
504 565
467 427
236 20
678 71
37 69
222 67
369 957
204 528
627 657
302 344
140 338
438 619
300 648
502 354
507 664
1 557
442 698
865 302
974 760
421 728
577 402
945 470
73 147
311 185
296 910
577 259
745 673
433 11
896 685
328 319
127 945
58 648
115 985
98 665
82 242
814 67
400 133
249 803
103 136
586 162
348 81
178 555
171 552
776 662
728 687
562 372
953 526
757 801
874 8
23 61
567 63
751 450
457 584
385 251
3 692
557 5
655 648
136 671
125 3
58 204
155 890
10 171
703 832
590 102
521 573
246 936
559 809
530 693
368 998
848 272
87 954
392 374
466 699
188 54
642 726
408 984
77 851
599 50
381 573
756 607
254 270
743 903
372 928
234 833
298 162
688 614
808 619
948 744
645 88
259 277
482 438
299 532
66 825
998 918
577 163
339 656
161 964
71 185
269 814
458 14
847 552
120 545
363 135
715 490
274 748
630 219
12 816
446 950
35 489
588 715
976 92
316 390
984 360
243 623
371 430
960 145
102 258
268 240
987 712
110 777
28 720
571 492
714 275
254 40
148 413
956 308
484 469
908 439
340 593
380 646
253 240
372 886
220 511
461 963
120 187
484 420
180 925
10 252
211 597
271 759
936 726
349 959
985 923
267 884
52 454
271 868
776 192
594 385
116 973
119 446
893 147
859 111
200 416
642 523
284 42
110 733
428 592
261 858
803 612
860 627
517 830
384 726
305 107
498 780
744 204
997 294
621 378
697 90
990 561
938 148
207 809
852 690
9 120
781 714
803 834
790 888
826 545
170 461
192 596
905 182
697 308
422 239
598 116
658 57
880 518
805 294
588 954
304 821
446 624
50 265
581 242
161 992
571 873
218 755
937 7
921 650
924 267
253 767
588 664
202 47
75 823
224 491
888 578
154 394
980 18
265 787
430 55
439 706
331 542
842 110
456 317
790 134
985 39
410 210
299 537
508 753
569 820
596 546
1 160
404 795
704 353
319 392
589 538
625 801
55 386
889 916
177 304
875 665
830 153
401 900
675 998
423 303
462 307
564 799
31 314
694 110
827 331
793 335
615 424
950 439
509 733
475 981
115 378
152 496
688 226
121 973
489 657
769 359
26 940
940 264
622 222
952 454
510 840
385 751
451 105
583 529
652 277
696 322
762 596
376 926
51 305
355 103
504 683
123 387
839 457
131 241
661 757
728 238
886 876
423 550
916 933
22 988
353 267
406 383
389 611
342 589
26 258
451 787
836 646
892 778
454 309
405 287
577 294
973 864
139 463
140 28
606 955
454 324
40 408
198 918
728 805
585 252
213 675
823 174
366 687
311 122
52 626
407 583
546 753
804 169
589 685
117 425
501 337
203 620
708 269
676 453
874 21
286 191
936 624
115 139
716 620
525 706
784 324
56 603
461 28
542 799
10 180
798 165
125 239
785 814
751 143
185 170
666 735
150 760
335 692
523 452
730 662
656 541
894 669
717 444
989 695
426 215
752 771
837 995
589 66
94 672
310 621
121 994
922 942
56 151
9 39
502 820
748 564
413 285
87 490
401 317
848 226
575 401
798 752
503 154
485 699
380 455
973 598
646 452
578 6
48 873
105 872
416 781
625 97
74 761
660 608
867 60
887 417
445 398
178 779
269 160
930 762
970 319
753 901
347 852
317 180
745 719
526 56
50 465
438 616
826 938
991 276
169 485
260 948
860 40
214 922
364 256
348 669
330 176
866 990
739 340
334 600
316 483
512 18
376 334
586 449
463 499
823 492
274 939
690 21
79 908
740 842
887 997
67 972
174 112
107 447
736 429
61 478
831 822
776 520
35 187
219 950
20 717
554 645
836 815
31 79
932 282
530 433
149 16
124 632
287 140
287 870
110 575
680 450
150 442
157 406
341 745
177 376
585 331
626 553
297 597
186 390
404 49
632 170
997 990
745 141
489 335
646 981
435 668
695 440
941 536
946 898
310 694
198 863
881 351
57 109
96 709
560 372
119 251
411 674
907 537
142 822
825 112
633 243
114 473
151 572
208 836
772 312
503 382
426 726
604 651
218 506
511 745
846 760
886 805
977 639
238 819
728 387
411 113
450 665
860 940
668 31
621 217
700 941
403 898
108 67
535 350
942 324
210 467
587 183
594 649
23 155
652 361
249 988
991 197
74 209
596 62
135 978
317 555
874 312
783 818
660 690
292 255
262 467
306 399
222 487
884 110
146 783
742 450
907 155
491 738
236 995
585 406
253 96
36 474
59 811
146 254
812 58
579 321
306 979
751 199
147 301
479 896
1000 185
466 525
569 324
841 559
684 147
600 898
660 996
417 288
975 813
195 759
656 771
991 542
170 59
869 379
673 448
37 803
749 213
930 465
180 240
473 106
476 863
41 302
672 127
518 548
653 527
925 298
469 222
73 20
971 180
735 151
547 967
333 802
960 643
628 189
499 639
539 234
522 537
523 800
178 211
565 485
877 339
951 972
442 684
796 223
501 79
585 532
329 214
132 647
486 876
602 525
822 970
511 139
525 25
286 535
880 822
130 35
198 197
761 21
799 351
267 326
32 705
567 979
325 452
953 875
185 721
990 462
573 382
602 611
542 759
600 260
374 947
984 611
326 566
372 144
602 385
505 561
86 767
831 556
957 993
707 978
104 701
871 863
84 627
115 95
23 720
319 361
438 514
320 996
229 124
301 543
674 475
582 688
992 544
289 959
62 182
350 704
812 429
560 478
501 860
30 502
159 534
716 721
458 673
220 512
885 786
394 485
109 504
272 969
517 785
111 350
422 479
18 328
184 32
534 768
985 434
18 219
61 855
85 81
329 519
346 623
240 166
312 819
666 910
938 939
633 593
190 820
645 288
848 948
278 331
942 674
30 876
382 623
878 773
773 652
123 593
420 31
22 831
683 659
830 582
451 675
913 906
787 749
258 65
207 95
704 49
796 961
103 17
487 438
41 992
571 304
681 656
849 566
25 404
822 303
563 660
286 301
236 916
804 3
846 357
573 499
21 610
318 898
358 387
732 148
804 874
754 40
794 371
572 39
318 621
85 878
836 234
310 22
543 493
160 522
713 498
955 413
794 533
209 83
684 632
931 404
144 473
742 982
690 885
517 996
316 747
850 623
137 488
511 600
834 923
198 530
750 31
697 401
612 4
189 309
998 793
659 77
643 560
69 656
633 621
117 644
122 234
485 924
89 483
202 130
496 427
886 248
322 619
279 256
571 179
883 866
330 46
368 245
757 837
963 34
299 715
277 990
648 222
611 768
313 965
903 710
64 77
509 101
502 403
896 816
70 183
435 470
292 117
812 977
870 910
451 556
872 830
822 732
288 867
468 879
700 184
974 779
97 469
261 676
63 744
174 339
469 925
915 702
547 164
20 812
157 405
147 419
354 869
335 538
599 464
219 117
737 496
613 141
924 552
413 45
272 883
683 339
646 101
201 730
635 570
172 980
963 995
54 464
113 820
789 675
313 218
426 91
209 345
651 654
160 867
124 172
507 28
806 494
94 556
139 889
151 575
578 329
743 897
119 107
835 330
798 834
624 535
402 318
327 414
731 396
938 65
223 217
994 892
725 263
449 52
772 246
839 259
170 358
798 636
902 718
156 804
179 345
92 938
865 622
847 554
806 866
639 436
948 431
153 971
961 812
744 588
892 732
934 985
168 8
645 538
23 154
121 40
504 160
545 670
199 815
221 29
171 872
562 123
763 710
782 588
45 992
626 988
675 313
723 141
602 38
400 841
935 464
242 526
738 395
921 153
229 276
179 727
794 312
978 45
428 14
728 572
345 856
181 450
855 78
440 708
684 479
703 589
870 502
263 365
780 601
328 872
863 920
510 624
280 203
72 514
73 948
24 208
613 50
25 569
669 224
68 761
598 96
218 768
660 997
845 415
630 863
5 232
523 240
124 176
87 316
147 123
76 51
149 488
969 888
614 638
40 580
460 289
687 738
999 652
854 113
731 117
753 98
311 654
829 333
406 742
777 498
730 306
913 242
147 228
260 879
100 622
729 122
623 658
98 27
870 741
446 961
235 926
213 566
210 806
139 596
719 369
139 421
835 896
605 362
883 632
25 270
723 227
885 187
816 414
965 243
785 405
827 254
978 126
263 34
858 728
290 156
36 360
243 100
462 390
923 688
708 442
803 454
970 637
802 146
676 687
774 212
780 637
42 670
34 145
906 39
319 78
33 433
290 320
897 424
479 884
85 397
600 927
910 726
359 989
695 528
501 637
583 531
432 640
894 976
143 82
402 40
981 820
503 176
557 817
670 464
269 297
660 590
863 449
278 473
304 836
692 223
677 269
933 147
455 339
419 137
703 505
889 533
524 7
420 137
57 721
313 831
922 727
886 12
72 734
52 604
858 713
779 979
504 873
122 280
892 772
219 654
808 97
403 669
666 323
117 227
796 962
763 529
253 995
805 796
20 580
681 262
535 559
577 725
70 975
785 480
510 125
311 116
629 233
979 982
641 289
115 796
23 529
263 6
12 262
785 514
802 553
167 746
224 932
694 217
680 455
440 764
77 249
480 653
521 518
134 19
561 773
263 437
712 183
642 606
105 274
752 378
475 672
424 974
920 979
100 19
337 839
122 567
564 386
413 362
752 674
859 198
937 624
5 32
855 882
587 752
924 405
347 539
259 685
482 318
890 419
708 624
696 88
369 303
282 633
485 981
89 113
752 287
400 388
221 628
252 928
296 309
957 160
738 692
191 632
714 983
970 317
826 429
562 739
875 542
317 193
400 162
843 150
2 362
754 551
402 464
463 201
853 337
32 957
30 16
202 101
666 308
574 405
746 614
691 155
89 354
533 708
65 323
521 540
794 144
279 344
728 916
305 965
92 267
898 114
57 406
295 742
961 883
92 442
844 873
849 529
187 86
408 361
908 398
729 671
895 270
128 888
780 848
943 644
323 775
965 348
234 214
510 379
647 128
319 339
698 168
609 339
559 837
926 472
397 790
159 459
698 27
493 365
137 297
928 556
177 600
732 270
840 678
539 898
48 715
588 461
698 381
94 642
539 819
906 334
502 743
484 854
858 71
441 893
705 728
812 660
905 14
359 955
911 96
345 217
273 852
727 940
540 782
133 224
942 910
635 136
542 324
673 427
910 424
803 824
754 278
243 807
523 681
753 982
570 644
668 25
458 370
247 996
820 332
821 565
292 293
22 922
294 671
874 757
671 734
875 229
947 240
397 239
95 470
499 761
889 65
562 489
870 956
174 35
322 878
608 535
216 148
723 198
444 317
277 213
67 571
111 375
415 253
989 136
519 763
284 808
289 710
647 763
951 76
794 313
871 821
547 67
159 137
570 288
642 885
49 392
116 810
723 258
500 649
157 376
896 200
189 839
119 522
357 401
358 682
324 366
586 665
27 611
988 789
594 380
352 110
355 688
962 504
546 251
474 14
241 265
276 888
686 711
946 932
216 633
643 988
256 484
849 238
48 582
622 176
627 282
350 919
596 843
173 902
801 137
380 410
132 125
743 821
869 714
838 523
930 606
291 724
787 187
751 746
184 356
717 902
350 177
908 605
217 156
998 961
143 652
501 220
675 289
752 182
809 49
518 987
551 434
448 119
925 450
442 541
630 58
546 919
875 193
593 836
922 914
227 578
690 86
601 337
144 126
770 222
917 669
774 766
371 399
80 928
814 15
399 611
693 966
876 444
895 480
418 740
845 651
370 749
743 44
513 401
549 499
680 382
607 589
918 168
477 440
127 483
432 103
16 870
892 60
478 967
846 446
926 374
12 498
250 869
215 213
259 325
975 719
85 825
31 295
682 685
419 577
264 542
906 798
24 190
867 95
357 262
786 526
952 346
128 364
311 378
405 624
428 567
657 763
640 503
548 704
697 10
698 309
220 945
4 870
117 795
501 636
867 98
985 263
589 321
990 528
526 918
618 927
303 283
584 515
520 363
574 930
260 46
868 347
181 365
434 361
397 371
830 799
574 13
870 728
333 929
855 669
247 831
140 475
646 809
821 541
593 629
316 244
706 268
947 10
809 45
900 380
100 658
732 675
681 107
170 992
121 118
614 824
434 941
588 526
476 272
41 853
410 130
239 109
72 957
714 116
366 707
874 733
922 25
176 376
747 4
32 751
195 36
914 645
663 258
323 251
206 347
72 155
913 571
299 866
385 98
921 80
888 29
210 249
158 873
642 138
435 952
438 546
449 960
394 67
803 485
417 290
807 54
321 208
475 20
292 614
483 545
634 995
581 824
802 183
548 439
328 850
137 268
394 165
656 528
989 692
350 674
730 772
894 531
259 910
718 688
225 920
483 364
928 495
657 743
216 561
750 434
270 385
682 818
207 893
905 17
228 440
104 230
86 74
363 595
365 1
171 105
39 320
388 72
635 239
998 799
639 815
749 155
824 14
643 562
365 146
592 218
576 767
294 918
282 93
298 349
463 517
744 805
820 506
757 545
27 166
191 635
710 409
485 922
398 771
658 915
165 28
666 531
633 732
634 143
502 247
271 50
643 353
674 189
832 166
207 294
875 248
531 468
948 694
735 796
24 894
866 844
760 439
857 146
779 591
512 834
154 227
999 14
732 852
555 821
165 545
168 475
940 873
978 436
119 914
580 279
343 475
665 55
903 21
484 275
341 758
175 990
508 137
551 615
112 918
613 314
215 114
141 875
682 613
883 28
354 722
480 537
431 586
555 115
217 602
362 597
310 989
901 278
760 704
815 816
450 208
547 738
982 61
190 182
925 33
893 493
255 916
346 912
293 695
961 373
1000 397
29 108
199 205
610 596
501 421
449 10
269 287
344 720
354 137
49 893
526 249
415 922
142 198
291 648
401 56
868 188
886 171
389 535
526 104
948 314
986 629
127 285
257 665
44 839
670 398
390 863
781 358
434 19
786 316
880 47
95 320
701 186
505 478
602 564
987 814
161 826
680 982
884 606
645 536
907 379
338 326
446 773
31 889
527 612
400 732
311 153
425 526
402 240
533 584
625 735
202 376
790 105
884 892
678 974
379 892
487 329
213 55
957 984
3 502
554 72
232 522
676 983
229 353
739 204
131 602
336 728
873 263
727 484
93 60
659 892
935 731
556 268
551 983
31 447
262 131
979 751
998 185
141 830
953 264
238 258
8 921
885 537
218 632
362 550
861 380
937 796
683 288
846 236
208 192
744 274
691 813
693 327
246 571
318 404
266 307
787 367
332 48
138 969
964 573
948 301
548 828
915 19
955 786
905 41
617 471
1000 489
330 672
837 755
665 873
170 457
523 583
283 250
947 787
450 841
548 378
131 141
579 956
70 817
491 268
623 559
551 258
754 394
666 984
610 825
35 683
731 902
588 773
810 279
539 203
353 348
155 194
545 606
361 953
588 814
434 55
52 634
44 698
73 222
218 785
333 288
672 694
47 310
286 538
782 703
328 492
770 223
629 98
813 283
945 355
857 623
822 747
783 787
110 809
845 650
25 445
39 957
724 249
690 441
107 265
183 668
22 338
230 209
606 652
759 874
484 324
232 501
42 634
59 840
617 998
444 774
267 775
20 85
208 285
6 96
63 145
465 130
307 739
94 825
904 708
741 30
891 481
329 968
288 580
533 258
789 872
369 511
904 478
388 823
764 192
587 633
4 871
461 440
122 896
86 47
455 158
241 22
132 195
243 704
928 162
13 576
34 573
661 640
501 413
469 255
645 595
151 839
246 451
49 901
835 546
435 176
216 636
919 322
503 828
19 798
514 632
491 343
435 289
273 206
648 494
758 473
908 928
268 455
202 79
884 615
648 381
192 169
926 772
302 34
162 549
680 942
969 432
737 956
496 590
6 625
121 343
502 956
468 492
552 503
994 592
383 755
975 31
444 597
447 662
567 161
325 310
36 319
129 459
710 683
112 796
247 124
449 429
470 959
471 82
717 342
555 519
423 463
546 350
200 286
894 989
167 970
594 434
298 887
907 275
86 766
638 827
146 579
54 344
972 763
168 971
152 464
356 16
376 686
769 327
897 394
703 970
134 307
726 313
940 651
768 153
754 14
347 492
129 593
702 310
852 647
190 106
748 560
711 444
638 612
310 643
209 540
765 639
235 540
930 532
968 735
218 482
274 80
186 772
80 271
501 369
799 958
284 153
35 773
777 264
523 796
411 6
585 759
431 112
877 135
329 433
37 64
88 636
633 739
299 973
77 408
5 627
923 16
875 251
852 596
126 478
671 551
77 435
737 879
809 298
277 260
614 567
631 591
390 557
585 819
453 195
515 88
296 770
794 1
62 809
283 524
68 302
311 90
149 939
991 980
244 111
926 685
512 609
856 29
658 739
736 95
182 173
664 604
718 275
866 542
577 977
335 961
379 689
915 717
940 904
617 813
162 8
381 244
76 582
849 322
647 19
941 370
985 898
33 285
159 437
552 559
238 470
976 843
258 902
444 957
817 445
600 827
693 354
163 543
759 737
635 575
854 287
121 905
341 952
986 399
390 99
650 949
385 698
705 557
851 859
851 968
910 319
846 589
299 762
484 694
621 435
125 676
678 954
847 785
204 821
80 491
668 228
27 276
86 305
843 86
938 878
681 128
455 277
5 710
501 119
601 89
529 468
414 147
416 523
132 667
439 289
829 121
32 987
162 902
214 718
715 382
205 804
210 573
634 386
373 222
781 71
106 827
602 932
515 39
724 119
28 702
177 220
832 342
343 555
25 416
184 527
961 764
339 320
213 375
701 754
405 53
462 62
20 860
3 518
791 481
153 437
779 473
873 262
50 535
823 944
680 418
457 623
760 912
97 207
465 20
232 297
836 469
167 829
684 105
629 297
641 186
422 725
355 690
941 743
800 517
277 394
376 631
821 433
769 286
774 9
431 734
532 43
345 505
682 888
959 148
742 620
726 353
69 930
821 83
751 790
756 952
282 669
268 920
783 11
108 735
994 982
772 280
331 120
406 522
190 909
485 767
945 969
751 756
28 175
781 423
564 9
216 183
293 29
957 230
389 522
631 458
285 681
74 396
221 299
520 62
822 638
62 681
439 261
460 736
783 636
435 482
809 209
685 446
121 201
790 152
801 789
738 328
207 63
118 750
780 421
927 278
71 732
560 259
249 734
35 119
646 597
477 438
851 249
620 970
625 804
420 678
304 35
552 713
831 441
481 944
840 68
389 614
718 101
793 338
906 83
747 759
789 774
829 825
613 194
299 6
671 486
216 680
979 755
77 901
406 837
281 640
476 10
915 193
493 85
367 972
868 103
975 781
483 195
321 236
975 480
311 969
204 159
196 899
526 916
433 891
674 923
347 673
810 75
521 52
650 636
677 441
75 27
494 547
758 316
260 191
544 482
761 505
317 171
65 434
304 726
394 948
52 680
71 380
791 903
459 742
788 199
66 540
72 705
75 982
519 889
611 232
758 73
446 266
335 424
925 846
340 466
692 623
141 223
889 127
727 875
802 670
965 946
201 29
366 705
735 728
956 155
96 940
69 30
876 418
657 987
550 551
789 501
538 55
272 921
284 833
3 561
278 725
563 521
181 406
418 1000
914 933
370 497
133 531
742 25
963 348
747 437
125 121
197 924
589 394
672 26
629 953
432 867
585 291
509 779
613 149
210 424
820 529
397 832
859 61
306 919
716 610
789 794
868 805
650 112
190 265
781 499
677 793
50 582
440 76
332 234
759 653
449 258
88 638
346 954
735 420
85 795
955 748
605 289
707 415
726 169
104 232
485 597
754 158
864 674
886 931
910 467
725 11
860 854
735 346
791 596
369 853
223 118
522 763
412 455
18 74
610 912
442 782
152 828
717 733
921 724
446 525
909 395
70 905
341 599
481 380
147 624
814 504
743 434
815 33
723 958
409 266
562 448
417 791
651 384
718 711
866 842
465 611
343 850
728 919
256 901
590 573
847 711
25 459
724 195
266 999
339 167
750 839
735 589
949 373
562 181
908 393
869 637
979 545
132 915
580 273
67 382
868 869
533 415
92 219
718 131
957 805
104 761
565 532
848 335
253 456
399 468
96 269
918 944
195 83
916 81
384 930
82 707
755 198
393 948
285 126
453 824
975 935
651 821
659 286
389 466
372 831
502 762
748 646
981 855
413 331
401 387
367 516
960 926
908 216
820 186
288 27
273 841
915 102
424 715
795 972
703 207
781 561
251 132
194 380
92 823
98 128
522 622
925 611
433 621
827 701
679 436
544 153
123 684
127 236
457 496
247 519
895 235
572 222
95 467
671 538
620 178
692 332
749 594
572 77
59 354
592 6
84 791
451 524
788 917
934 703
463 381
715 556
310 448
115 808
6 969
79 141
7 416
29 616
232 524
747 351
141 602
715 957
755 888
595 227
922 369
329 773
873 261
357 188
784 370
894 109
550 841
419 17
12 896
693 419
430 699
90 904
661 69
800 805
195 79
704 711
134 222
835 127
551 875
57 35
720 301
276 891
370 106
595 543
137 475
121 932
160 788
109 271
698 284
700 966
561 323
617 324
377 943
241 347
289 353
881 463
437 345
494 298
331 775
389 198
907 905
213 386
704 315
626 413
905 184
925 293
990 853
793 941
803 868
835 584
468 935
986 932
282 815
269 495
322 572
930 831
109 996
942 841
277 744
300 703
534 578
924 257
568 299
18 692
675 618
676 305
37 377
995 765
230 282
654 456
306 330
491 842
199 533
844 974
918 77
864 86
850 399
923 505
709 472
378 584
474 907
222 601
470 695
396 302
418 850
571 152
864 398
883 410
44 248
49 150
505 564
774 430
465 486
357 208
802 831
310 206
75 49
582 538
289 961
422 615
759 906
856 309
871 568
105 169
932 908
494 117
725 903
730 815
787 284
42 897
163 726
702 393
472 962
20 292
761 956
130 732
411 865
33 151
520 76
130 779
113 65
539 621
703 182
669 994
816 538
618 922
692 389
414 647
702 122
393 392
808 553
496 53
960 740
908 636
212 337
485 867
790 632
386 882
888 902
298 390
193 356
463 815
433 437
605 567
625 345
454 13
809 18
919 205
227 645
999 995
468 153
252 816
644 868
847 671
98 426
151 404
135 627
157 983
943 168
732 557
804 681
932 191
771 123
849 783
761 75
953 793
650 987
871 11
656 56
240 581
407 605
600 485
451 341
859 624
452 58
605 108
310 392
857 830
262 303
980 496
901 908
723 334
318 534
684 419
794 751
157 317
68 904
215 107
846 187
821 710
298 885
279 986
194 802
341 561
487 855
768 861
404 377
8 546
512 114
548 656
660 42
826 286
721 76
578 719
685 553
744 251
1000 5
48 690
602 249
711 553
247 73
216 419
459 342
109 104
187 333
588 26
351 598
227 760
781 413
770 686
334 785
795 769
632 925
249 383
1000 705
861 512
842 940
19 463
595 713
973 690
331 510
776 321
340 384
107 151
624 59
645 545
867 401
575 928
944 946
635 939
220 933
549 197
642 297
3 207
990 361
509 170
443 998
596 32
317 513
271 106
343 513
70 315
201 56
528 479
325 391
435 763
535 244
296 659
500 915
818 264
223 989
850 121
922 282
690 718
475 196
410 304
285 347
305 389
396 980
115 26
522 358
546 352
677 986
720 435
793 265
635 576
979 562
967 641
72 374
422 318
501 799
856 770
745 517
659 289
690 446
303 510
878 6
471 692
790 996
294 215
710 965
173 926
449 414
660 597
341 152
808 707
810 113
497 426
479 110
32 17
450 864
568 67
454 792
682 55
316 857
838 690
969 929
288 971
387 254
208 577
920 561
134 857
191 664
692 147
967 491
473 931
440 930
545 951
654 211
197 364
680 842
439 291
956 911
761 289
231 189
88 181
344 863
970 63
103 435
257 952
644 828
520 866
297 431
227 554
672 685
781 69
303 641
453 20
785 547
808 61
537 737
595 279
867 538
465 590
253 935
291 86
132 866
3 507
614 307
409 944
174 368
766 462
324 37
254 162
736 173
274 495
980 552
167 742
201 391
572 754
213 519
638 919
31 335
824 687
314 337
632 204
65 733
686 489
762 834
484 129
266 476
472 713
147 307
989 584
163 864
94 723
76 330
711 608
68 742
938 268
742 610
888 786
103 988
275 181
367 539
423 981
961 342
941 792
62 476
144 648
877 922
721 438
65 138
48 856
711 279
142 54
850 951
293 394
739 214
448 429
359 697
251 272
531 194
770 662
551 319
844 267
222 115
114 552
620 354
217 273
329 335
554 880
297 233
393 108
778 888
602 612
803 375
58 902
828 230
154 405
691 166
547 944
762 209
908 157
670 964
675 762
107 492
128 663
96 465
899 482
645 650
322 993
589 309
144 385
399 843
866 738
463 336
102 176
712 708
215 499
71 879
917 379
847 254
466 167
56 727
775 898
853 826
585 436
362 871
606 514
538 866
298 527
301 601
305 461
15 686
822 42
422 612
600 838
360 491
215 55
533 414
579 432
673 811
623 27
916 505
152 358
941 602
717 243
389 168
952 444
355 31
711 362
604 730
470 14
810 73
242 439
743 853
669 914
346 8
198 458
471 834
403 738
499 889
445 99
711 136
714 956
921 766
316 240
801 612
848 569
669 549
174 893
925 987
196 989
841 384
217 414
895 27
386 917
888 613
996 901
359 770
325 128
354 456
236 349
878 852
996 971
214 920
362 135
419 84
862 328
774 734
319 794
657 703
325 418
64 692
141 528
127 763
6 918
44 221
500 815
598 702
301 202
747 294
270 811
841 941
327 846
864 26
202 913
659 697
254 837
239 243
223 670
324 275
881 586
534 762
681 854
299 215
554 688
548 514
762 402
437 77
792 116
836 261
621 537
237 784
437 510
555 824
529 787
79 554
595 726
601 533
45 59
2 11
238 138
898 787
125 712
740 72
887 235
744 11
800 813
213 456
700 974
706 277
708 637
506 437
514 902
380 478
439 232
968 700
920 613
668 131
482 426
320 305
544 993
731 549
291 656
271 398
494 573
795 768
958 332
122 244
782 62
18 987
944 853
317 205
924 475
308 560
97 803
169 494
541 544
395 924
514 458
59 491
904 742
64 67
136 624
500 489
179 946
184 860
819 322
88 504
396 401
127 953
440 865
538 230
680 619
923 416
339 169
233 366
840 450
788 610
736 275
147 313
685 166
763 798
124 512
840 337
823 56
914 884
266 199
283 815
710 650
715 864
384 134
495 8
578 876
979 727
798 377
713 263
453 516
901 624
104 778
836 91
251 749
215 14
642 908
336 429
246 928
135 329
233 827
385 356
668 547
63 59
66 333
375 245
964 438
902 132
854 397
858 64
500 648
753 286
436 30
287 783
526 116
946 671
484 802
507 131
852 533
375 392
602 508
694 516
787 162
352 624
351 163
373 871
908 694
726 917
568 51
731 513
627 976
919 278
231 583
545 965
14 365
970 346
53 678
717 767
60 198
500 397
321 790
197 363
681 127
142 484
537 966
213 214
596 509
718 867
465 931
905 606
416 637
75 912
993 373
601 376
65 542
382 139
516 503
131 787
614 470
67 913
529 132
822 515
188 823
279 488
163 19
715 558
590 654
921 99
650 611
723 43
300 168
434 546
145 925
943 821
427 823
267 142
340 968
896 350
200 123
76 534
96 188
794 693
500 662
627 165
129 210
849 163
728 95
689 314
873 37
671 382
820 548
326 382
94 833
111 109
157 149
750 268
46 173
169 575
242 95
359 573
156 467
603 122
26 147
624 641
665 595
137 42
302 876
543 598
359 837
600 52
76 41
477 20
901 40
156 241
394 554
329 95
203 182
312 129
43 833
122 842
838 524
143 282
471 953
165 254
902 541
736 564
703 991
773 768
170 727
511 334
88 116
394 927
770 518
790 461
499 954
736 671
936 433
645 471
60 89
409 343
588 861
989 879
274 603
774 864
46 15
70 241
309 935
808 26
757 89
595 306
957 679
926 974
124 874
31 238
162 578
571 301
280 706
736 419
208 961
366 522
258 265
12 280
270 844
16 859
848 71
556 349
395 497
548 265
876 750
453 587
297 983
286 101
860 154
521 748
104 834
394 138
752 990
841 611
399 191
929 471
86 833
949 205
309 174
117 885
946 837
904 291
626 221
978 470
497 23
886 555
498 940
602 146
898 959
167 358
462 870
415 824
513 540
41 371
385 897
173 886
572 933
800 992
484 585
444 635
809 886
672 42
601 244
832 858
169 96
463 834
1000 630
88 80
115 793
369 537
338 488
998 801
253 667
556 277
268 82
62 437
330 279
352 291
28 626
656 171
448 648
434 825
970 760
991 623
978 314
406 179
463 390
231 938
456 464
954 435
614 361
871 781
926 693
304 228
649 191
128 914
664 580
827 16
422 852
845 919
978 92
797 952
337 173
943 750
436 592
54 899
625 965
721 646
24 338
962 744
983 770
430 646
200 179
340 851
81 240
870 432
694 227
90 846
77 68
974 498
116 926
108 862
970 587
518 175
918 757
579 431
548 658
592 802
901 334
778 411
707 499
244 706
622 130
755 287
725 763
467 743
283 194
364 805
352 617
165 340
203 225
742 698
70 595
797 382
540 108
644 262
482 427
378 232
711 222
198 311
970 468
626 306
633 630
672 54
377 304
175 109
952 983
827 658
420 836
113 478
442 764
773 856
406 275
697 598
348 742
700 371
634 251
572 309
778 233
904 743
397 786
325 99
254 347
914 448
328 44
984 658
614 555
680 353
297 201
253 897
491 788
311 33
831 830
387 721
172 361
979 11
581 195
396 353
590 691
480 466
23 962
574 312
700 692
357 820
900 800
155 992
827 429
465 44
727 332
488 859
931 347
416 500
33 273
622 461
768 940
107 896
401 725
534 647
767 691
742 794
401 614
932 966
424 769
646 92
828 791
104 41
584 275
416 357
958 813
707 495
13 674
780 763
952 390
99 383
744 104
265 465
169 231
490 333
905 129
155 302
495 379
138 560
213 92
184 334
757 671
61 920
523 687
393 454
584 943
182 948
473 816
592 330
611 502
723 656
352 483
895 950
476 512
916 869
338 545
669 635
883 839
274 741
61 235
245 126
47 424
382 825
53 839
607 288
130 420
538 473
886 505
338 323
249 996
356 904
70 138
866 877
440 894
614 422
172 333
842 341
898 195
441 404
101 450
488 921
841 923
749 770
664 956
104 107
421 807
426 595
138 303
452 131
856 635
560 204
963 281
586 560
346 317
384 18
901 595
210 476
232 188
567 777
222 74
333 482
364 818
470 197
509 673
786 951
935 26
520 540
907 573
551 74
402 63
720 869
95 862
441 675
854 25
806 156
663 305
942 423
27 327
643 745
783 132
829 326
668 196
928 121
325 999
786 123
660 544
644 109
35 25
117 325
27 101
264 273
908 554
800 163
527 816
469 312
472 468
880 497
18 800
990 122
294 701
105 701
528 605
356 846
250 201
393 524
576 841
192 66
675 623
896 832
218 794
662 891
171 828
939 854
814 166
826 647
107 494
823 300
308 783
917 679
476 185
64 315
874 260
527 756
71 769
662 69
476 40
222 604
885 132
505 987
390 376
176 820
788 539
127 705
936 782
466 165
629 816
854 927
528 199
859 731
992 404
104 820
926 395
235 201
628 239
794 808
794 569
284 607
883 209
627 49
721 980
629 707
685 689
671 29
43 502
357 256
216 254
327 680
805 700
973 246
646 36
693 215
198 671
608 433
204 4
42 443
904 338
872 102
216 930
460 565
494 453
80 137
890 406
906 403
446 424
895 667
878 431
187 550
696 342
687 655
853 243
730 366
469 250
751 532
455 443
420 586
649 220
475 67
924 66
179 13
877 158
431 912
681 179
517 477
593 623
633 714
197 754
942 682
528 554
800 207
359 300
255 495
923 11
605 421
606 134
304 552
175 287
32 519
876 248
934 536
225 42
667 191
482 955
38 371
1 505
664 679
519 539
465 660
376 25
466 607
128 996
183 709
165 567
701 709
82 151
500 954
672 949
767 836
415 640
185 614
58 476
484 406
316 46
332 546
439 862
7 122
615 225
232 470
289 81
148 188
578 953
741 347
190 467
462 276
465 80
589 230
205 14
500 280
38 559
901 314
927 616
994 907
26 905
777 887
446 106
33 199
416 201
308 79
590 349
739 933
702 315
668 511
542 448
32 409
964 626
365 899
18 164
91 434
617 402
545 221
173 857
325 558
812 317
237 338
972 267
97 583
773 822
333 895
852 977
778 988
528 903
247 793
435 147
128 651
154 297
467 290
657 182
343 847
79 899
680 849
118 921
65 259
785 10
364 692
871 330
156 621
761 100
780 410
908 167
89 935
645 704
776 561
128 581
581 194
874 348
358 69
804 103
326 999
554 650
597 552
286 369
1 231
989 302
101 318
449 821
193 931
250 820
505 736
205 464
872 595
964 3
140 637
768 830
463 8
868 743
163 422
971 758
439 576
802 371
198 965
772 636
259 835
703 900
794 992
194 180
470 41
298 118
523 371
228 459
503 83
587 516
313 339
260 462
243 526
598 802
485 629
60 627
631 196
739 191
363 339
754 352
471 247
883 985
4 376
761 437
355 388
728 170
139 235
491 68
623 759
58 993
754 578
258 255
900 306
832 152
64 50
852 203
193 466
32 976
198 77
130 421
494 936
5 995
448 768
969 482
880 771
734 162
476 214
956 232
562 115
799 354
165 485
16 83
880 914
992 828
240 561
926 611
766 354
170 341
788 512
295 528
116 19
298 189
871 221
339 308
955 142
673 689
729 877
16 896
115 74
816 167
464 696
513 217
509 862
77 186
519 39
25 999
854 594
690 979
640 196
470 875
141 905
256 221
521 583
388 970
161 80
369 469
955 586
519 197
891 328
48 750
466 661
394 74
570 879
294 359
406 813
535 675
617 328
565 40
899 764
549 612
363 529
990 718
368 361
482 481
951 801
492 202
666 947
115 19
173 673
818 726
946 483
674 594
469 342
808 448
442 706
870 715
934 226
908 555
601 15
433 397
900 391
263 269
276 429
616 460
176 189
47 478
583 248
862 49
294 525
279 187
212 142
322 730
896 833
490 360
491 177
553 78
827 955
546 769
619 189
74 250
760 501
465 687
305 6
444 905
594 900
141 489
605 4
371 810
572 947
900 874
983 907
569 947
220 469
37 697
975 295
617 863
949 952
293 896
265 847
570 446
627 131
280 128
688 13
29 795
181 192
993 686
522 140
320 866
512 106
911 274
215 929
241 302
169 537
834 797
859 242
191 8
77 785
206 591
788 790
233 531
165 446
229 551
657 542
166 88
887 38
279 281
230 879
948 218
677 420
736 992
226 926
373 861
692 167
730 286
986 900
293 60
648 5
625 349
257 731
282 190
636 571
140 304
586 320
457 396
739 290
616 695
447 809
307 909
970 114
164 13
257 997
886 294
376 427
654 424
680 35
755 617
311 223
791 209
615 941
50 871
471 86
54 871
459 198
321 262
315 393
23 952
742 304
339 383
537 504
612 772
224 973
794 457
278 750
959 189
710 685
492 906
3 581
243 72
483 729
855 337
529 765
896 280
185 839
756 394
958 586
513 1
72 463
664 147
537 139
167 960
224 666
557 695
584 710
684 189
833 669
744 336
462 567
265 217
765 422
392 212
873 797
251 913
821 101
38 849
554 482
518 463
522 898
70 522
802 370
553 552
420 529
4 976
30 516
950 981
520 270
394 758
541 136
670 564
88 784
711 216
397 400
291 661
478 69
961 61
714 991
752 358
199 917
421 491
848 905
889 339
672 423
670 726
909 390
197 856
204 636
813 554
724 379
605 392
255 19
737 752
168 21
539 38
443 909
724 490
36 20
165 712
849 879
653 99
415 112
452 652
405 426
410 272
598 737
968 282
676 43
573 445
805 377
824 953
605 76
167 561
980 528
818 407
729 784
859 705
384 153
771 535
996 558
210 359
873 445
929 499
608 62
512 716
354 890
209 37
580 60
974 51
760 856
746 343
569 310
351 206
332 180
1000 214
289 239
219 362
685 521
85 333
53 239
644 454
665 997
631 342
123 103
52 41
308 467
646 860
368 334
959 860
392 46
47 886
922 694
242 506
151 788
373 868
29 440
639 601
754 353
908 965
633 528
657 768
734 502
424 125
867 211
649 868
279 33
778 832
876 35
839 169
217 426
697 624
166 477
995 887
978 932
398 931
715 372
221 483
168 241
900 706
406 31
64 418
447 865
504 169
937 83
491 869
866 91
221 20
366 642
934 688
79 27
64 320
193 876
124 944
508 599
469 983
73 406
789 296
115 815
233 216
733 155
291 440
61 214
918 887
68 787
480 367
581 967
432 194
721 996
385 220
394 2
305 421
894 481
756 450
294 155
8 896
500 512
48 385
525 913
289 937
767 706
57 437
833 724
157 146
485 293
971 610
313 140
392 285
513 875
695 519
76 213
973 161
322 117
195 737
124 201
777 768
19 79
534 882
740 3
722 754
299 335
835 273
199 840
919 593
901 166
3 644
963 629
503 340
800 473
786 230
520 454
739 218
230 979
20 333
415 615
77 940
175 127
652 594
134 825
175 39
588 828
348 569
230 573
155 919
553 60
40 137
95 429
253 613
684 993
577 343
615 827
321 529
930 308
913 821
491 833
992 874
97 74
28 664
340 666
845 643
175 432
300 248
927 429
331 966
581 42
170 97
324 5
328 64
861 298
737 228
320 286
704 491
387 969
897 20
491 653
441 144
629 943
410 669
704 148
875 547
352 745
129 819
917 202
684 75
319 224
698 475
293 901
713 781
262 896
323 734
661 326
350 601
422 378
557 501
526 636
213 335
768 180
788 191
555 220
61 651
479 140
254 42
907 603
731 319
130 772
42 72
151 638
731 684
762 476
520 275
61 877
377 680
449 203
342 894
291 760
19 329
226 927
317 52
361 892
986 901
164 473
611 48
776 219
960 360
815 154
341 303
291 982
457 290
758 464
920 502
162 957
125 896
255 126
852 12
67 844
913 896
643 43
791 99
975 198
120 834
177 141
477 596
930 620
774 722
338 152
121 344
379 844
767 241
502 998
330 500
629 240
701 707
478 708
816 435
64 648
969 155
115 231
379 682
840 136
162 396
271 530
246 253
572 711
703 575
727 421
341 730
984 871
703 652
264 595
909 745
698 12
438 259
674 617
873 226
581 689
270 504
950 366
823 660
72 65
646 119
498 105
382 532
787 319
182 26
989 829
225 912
328 741
599 34
15 477
863 761
61 687
48 518
432 677
904 223
821 774
956 531
630 446
464 613
174 592
822 885
711 913
78 896
9 671
766 825
630 344
922 641
245 246
597 1
978 957
52 650
454 98
572 321
700 270
688 946
1000 996
256 929
593 875
942 422
804 387
127 980
917 620
386 228
280 543
188 184
260 733
365 582
743 142
103 47
359 129
624 286
495 961
261 793
27 619
233 338
451 423
767 149
405 965
253 224
35 53
332 753
663 687
427 719
393 627
432 39
695 126
914 899
224 857
423 283
599 642
140 639
185 866
737 413
363 45
831 511
543 459
267 836
640 250
824 519
682 621
266 436
747 693
198 827
73 902
937 697
645 549
759 766
371 681
980 981
595 624
906 375
565 978
109 438
954 603
422 29
801 228
751 872
350 819
960 515
812 540
228 299
467 629
684 987
968 926
166 97
187 341
612 177
407 137
839 394
145 154
929 756
776 4
999 576
105 962
622 729
357 525
577 40
745 990
490 739
456 559
482 799
446 930
801 657
115 611
293 562
774 142
658 909
880 773
628 675
331 767
831 974
724 126
944 546
139 256
503 981
495 915
405 461
462 150
62 972
909 877
768 591
434 591
642 40
610 722
115 814
480 497
387 607
737 874
741 703
462 432
45 248
525 686
537 179
73 759
816 89
390 76
873 408
730 563
860 178
664 861
438 344
422 637
495 409
977 490
134 65
872 704
928 722
507 267
261 557
470 873
487 773
82 673
156 440
717 121
122 517
216 578
424 911
242 170
618 529
198 705
436 254
684 726
159 996
557 690
866 657
272 382
478 699
463 596
778 688
251 166
933 788
899 924
575 291
84 270
375 281
530 224
696 136
626 377
26 387
446 636
397 40
936 294
38 346
403 939
406 478
953 531
446 975
783 468
347 552
174 981
710 251
783 581
793 765
225 3
430 178
126 349
718 513
420 460
224 197
900 566
206 469
600 352
196 299
589 812
940 666
193 847
555 885
115 778
153 489
651 294
724 880
883 280
999 270
215 301
569 945
609 432
15 298
594 164
958 733
523 905
8 920
459 510
116 791
909 708
557 210
859 982
551 948
555 305
265 163
263 472
727 87
251 774
677 878
65 670
169 543
560 344
281 649
693 69
470 454
212 876
165 444
54 240
720 443
891 180
303 290
477 619
919 628
668 180
506 185
800 996
621 116
113 417
740 262
317 51
531 229
255 283
644 76
437 970
919 346
196 208
321 801
359 297
506 239
456 536
40 215
645 422
653 810
944 829
905 521
598 398
710 926
433 312
325 250
92 539
774 945
83 456
137 739
180 730
862 418
169 498
912 57
475 419
221 91
461 716
939 964
654 824
887 906
432 478
89 320
76 997
438 196
240 635
295 581
300 221
482 664
913 562
296 588
280 849
318 905
234 248
332 605
498 309
685 95
614 666
806 829
592 617
220 298
992 435
483 552
335 523
103 607
204 346
436 993
972 755
699 941
648 649
229 790
129 568
649 289
99 758
85 439
364 658
492 479
189 473
532 345
955 850
868 145
7 729
602 485
216 344
35 956
79 970
792 565
409 250
322 348
269 323
494 710
482 22
653 733
729 15
696 320
736 893
450 12
723 617
904 909
586 275
804 826
795 37
118 924
781 202
487 233
658 791
587 135
205 824
830 617
300 524
743 312
690 132
908 211
403 126
573 217
760 448
143 62
625 554
281 122
282 293
634 270
768 612
131 728
482 700
926 661
540 674
567 157
913 542
988 118
543 148
746 32
158 946
715 871
78 101
483 759
48 8
926 439
859 880
208 912
384 423
632 182
390 240
979 19
802 208
290 444
594 398
228 144
944 161
671 278
233 830
342 392
782 324
751 36
848 269
665 713
349 880
959 491
925 135
17 906
661 381
760 568
398 77
621 649
382 118
894 903
237 128
420 672
612 92
333 685
981 769
808 713
147 985
77 680
43 856
528 824
748 931
969 986
492 225
809 801
332 378
319 588
487 658
227 485
744 665
85 167
182 827
4 379
481 370
620 395
503 513
641 287
114 992
321 125
987 825
329 183
274 624
594 637
131 905
465 567
616 753
524 215
417 820
288 700
951 307
828 62
886 364
245 412
211 36
896 646
897 755
880 917
510 80
19 300
796 691
309 608
36 232
310 475
662 44
791 392
962 778
920 298
131 581
426 607
853 800
512 756
769 219
326 736
388 663
48 52
12 599
159 256
107 979
953 279
523 37
390 220
600 880
877 592
418 269
312 376
989 578
495 265
977 122
561 891
232 207
336 376
813 138
594 261
617 793
284 277
56 236
366 393
998 754
878 661
683 86
77 763
909 695
651 564
537 21
621 510
1000 542
602 477
985 467
17 289
71 114
881 34
130 576
296 360
614 984
212 324
564 17
269 139
386 873
796 188
501 162
69 494
640 976
917 848
757 913
403 938
635 381
230 563
514 540
787 528
737 717
120 697
839 796
257 926
12 574
81 690
540 351
590 18
118 887
763 526
736 498
667 836
830 688
120 919
541 803
68 479
469 888
464 150
634 640
999 440
714 312
399 710
861 439
533 731
42 833
258 922
779 364
484 510
197 799
435 934
936 897
29 758
546 448
654 783
34 172
676 835
928 640
86 632
180 757
171 410
318 351
735 810
394 183
177 525
161 128
708 210
530 750
811 219
151 666
868 920
775 444
802 506
640 449
327 309
399 88
406 972
6 266
527 348
858 5
735 473
27 438
467 703
251 212
380 432
467 941
222 311
441 556
320 299
999 677
677 417
972 227
244 698
152 808
911 336
30 969
658 14
515 683
916 938
42 270
255 778
523 888
624 903
145 498
395 809
207 114
848 575
464 808
835 843
359 441
452 621
827 619
49 751
892 799
197 447
166 618
608 745
538 140
278 899
300 847
840 428
123 824
805 914
718 397
370 519
409 961
616 999
989 850
269 597
842 361
149 821
789 366
556 431
633 356
615 140
480 84
196 46
290 183
291 370
910 381
595 160
278 604
979 705
299 258
417 312
96 836
959 272
780 901
394 216
896 138
56 983
974 503
798 33
546 708
746 385
695 852
760 541
816 735
214 26
986 35
143 10
797 213
440 195
721 214
299 376
723 1
807 992
419 931
816 573
467 603
798 765
468 768
895 699
198 409
445 16
1000 697
319 732
170 281
356 556
468 998
17 122
907 157
259 453
813 918
762 974
799 711
827 518
667 113
151 64
47 403
465 335
553 122
186 771
728 627
549 206
704 105
61 420
724 100
121 137
589 866
168 310
595 497
232 649
563 847
917 332
737 154
655 391
239 373
837 485
287 964
955 102
101 314
229 373
819 919
915 724
237 340
749 960
993 920
727 331
432 168
654 967
876 819
536 270
884 294
409 616
287 651
401 712
833 717
998 501
506 543
166 245
836 359
401 14
238 57
668 111
575 218
997 308
229 922
268 798
494 651
852 684
869 330
198 618
184 228
256 561
41 317
133 213
192 703
501 427
602 454
624 658
518 603
460 535
766 859
565 404
514 646
161 982
588 795
256 974
956 791
39 973
341 180
961 143
909 423
913 44
843 175
644 916
519 808
117 398
321 665
305 828
39 819
615 784
278 930
31 867
433 208
249 873
102 316
451 500
322 916
822 517
490 18
651 431
944 691
174 264
127 808
98 574
689 193
694 370
73 356
606 670
408 255
526 89
580 381
245 991
15 595
381 175
661 77
579 332
63 871
390 221
708 104
967 717
803 308
881 532
592 705
683 282
122 656
17 996
678 531
381 497
369 457
441 964
719 537
355 778
392 256
284 278
891 595
397 529
160 967
95 820
189 431
855 862
470 440
398 389
751 793
761 793
796 360
102 613
342 230
807 936
415 979
340 211
19 302
916 544
540 916
229 737
35 708
751 620
674 151
238 529
61 40
852 789
946 366
784 605
657 225
70 958
717 669
995 775
744 517
84 238
875 301
468 141
50 224
300 582
586 443
878 835
277 466
280 554
740 928
852 90
874 510
585 865
970 941
165 653
426 911
558 172
227 988
727 719
547 445
179 609
55 833
239 401
774 644
617 545
232 705
12 135
513 494
864 390
955 49
828 289
425 604
224 47
671 917
672 797
988 63
897 105
145 780
724 592
928 641
824 594
72 471
714 474
24 26
618 632
870 281
512 511
586 672
932 948
57 470
555 307
833 693
523 209
358 988
402 890
848 470
225 905
172 912
233 646
623 145
399 91
670 290
124 232
863 279
612 21
298 221
744 933
319 673
360 942
889 574
513 534
933 101
544 396
653 550
428 991
70 760
952 161
221 612
863 53
616 270
853 111
269 174
491 482
398 818
807 690
813 945
834 332
247 929
909 414
811 765
419 111
18 769
41 160
115 152
45 600
264 385
283 367
783 554
947 784
754 646
59 452
80 857
16 497
948 538
897 536
550 370
790 205
929 704
346 483
903 614
64 493
512 881
88 483
568 557
642 460
442 294
667 803
745 583
823 311
788 597
456 470
989 84
274 859
370 516
867 680
927 386
106 26
382 423
186 146
24 297
666 152
776 888
561 454
486 321
803 1
567 40
346 476
665 32
405 229
922 433
154 551
157 388
964 20
290 39
127 620
793 132
243 253
688 94
690 516
654 923
931 306
555 398
355 612
613 469
599 78
124 46
273 570
494 136
974 751
280 446
190 129
159 654
483 230
321 199
263 732
380 358
130 999
294 50
649 1
83 829
617 405
838 575
530 260
626 477
365 135
493 850
890 294
126 844
164 617
740 292
529 341
786 444
722 256
717 724
791 845
978 980
351 874
227 344
339 882
156 836
197 368
148 852
256 914
847 714
795 39
970 158
123 520
16 334
625 462
188 196
481 54
411 431
487 120
167 972
666 427
244 851
995 573
616 806
871 470
286 600
162 602
897 661
914 589
850 335
524 569
617 616
615 973
780 102
448 967
25 67
518 913
724 827
616 964
339 287
508 446
629 834
303 870
922 354
944 502
138 309
451 198
414 478
452 149
879 270
112 818
115 117
78 107
353 568
214 635
127 708
380 855
292 653
642 903
559 830
142 742
898 684
480 899
688 140
281 726
265 249
663 253
474 161
167 198
426 76
872 20
47 540
837 858
492 317
75 367
312 43
264 910
561 648
265 475
469 91
271 213
901 78
930 594
229 635
18 20
498 588
652 731
864 589
882 678
796 90
504 608
32 247
681 142
371 623
387 119
320 50
361 970
418 251
131 122
114 798
260 926
335 506
840 696
782 831
931 707
522 40
255 51
296 970
957 299
601 879
359 156
119 13
456 304
210 197
153 240
995 601
745 654
687 375
671 658
672 532
841 163
35 244
182 357
989 107
617 580
179 693
334 366
611 662
335 830
874 204
512 583
414 427
487 723
146 829
10 284
798 461
840 195
215 197
555 552
148 130
704 562
933 573
584 200
358 727
486 408
953 277
996 349
119 542
910 933
318 222
755 14
778 123
214 353
860 680
792 179
3 972
595 550
124 86
108 758
952 313
716 306
453 916
459 219
122 992
583 546
285 891
142 796
808 792
590 700
21 929
445 885
15 799
284 53
916 690
270 70
209 594
798 570
14 69
217 127
914 47
18 120
511 869
458 371
188 328
778 526
630 584
331 336
776 35
669 680
726 827
250 96
912 419
760 204
307 411
437 868
978 924
135 753
246 156
84 239
840 837
201 781
737 707
246 958
286 758
527 988
417 869
628 531
187 351
105 949
197 106
89 625
684 620
222 951
236 175
982 234
631 123
767 196
330 476
421 995
542 737
796 44
139 190
361 482
721 679
698 931
914 804
864 391
202 530
324 388
625 99
451 241
680 505
129 21
261 624
813 67
944 446
431 832
783 214
803 501
586 975
289 984
879 439
368 895
837 345
555 709
426 339
451 146
798 203
46 940
584 115
603 433
159 631
436 776
935 470
186 307
208 167
54 570
722 46
696 764
740 205
426 117
209 259
998 525
198 657
900 511
20 301
683 39
96 667
284 266
726 155
375 43
982 241
765 767
125 512
171 275
330 632
384 560
313 398
317 366
318 153
852 784
215 627
706 126
302 621
382 703
623 487
39 694
353 427
406 671
743 674
246 478
539 307
919 135
905 445
472 438
206 286
353 373
117 468
366 210
397 218
933 504
828 130
313 955
852 8
581 438
545 950
781 52
160 570
861 838
679 853
224 373
131 963
334 766
83 442
802 660
163 498
52 610
353 960
54 888
366 702
572 361
461 858
119 898
373 446
11 919
479 85
344 684
816 262
301 194
271 542
419 267
439 852
133 537
262 183
261 63
822 415
627 245
609 322
975 695
797 723
360 416
819 859
172 855
559 805
17 786
169 746
76 315
167 76
258 808
647 454
924 585
7 935
471 314
932 824
137 26
265 45
342 442
160 853
803 557
11 597
351 401
796 290
981 874
319 887
99 652
130 996
76 104
561 764
446 334
70 586
19 248
536 910
706 66
212 271
216 202
948 187
146 141
990 794
628 634
830 163
578 136
597 156
106 665
378 98
338 564
729 189
288 437
334 568
605 387
142 387
990 199
205 821
499 744
118 770
525 194
303 756
586 496
978 370
201 86
637 899
141 347
903 142
295 661
23 874
686 30
779 712
600 347
158 663
894 157
767 145
126 235
590 698
516 569
50 161
296 668
44 298
318 985
232 538
573 871
894 236
197 836
737 183
918 876
757 316
499 36
414 479
606 318
258 635
154 568
157 359
140 635
556 179
812 69
281 443
103 636
659 586
915 948
79 30
55 761
42 712
774 137
581 657
975 937
669 238
371 266
185 433
811 37
226 543
613 913
229 920
412 232
845 382
688 391
321 162
801 248
854 106
826 541
186 956
789 718
360 999
90 272
91 585
186 815
761 605
698 493
563 467
104 492
69 614
51 231
860 931
922 638
759 175
800 158
430 329
524 8
97 688
718 924
331 260
728 176
735 836
13 240
883 844
166 470
39 860
577 477
671 639
619 838
452 679
277 444
169 323
867 436
634 393
528 278
148 591
809 371
443 29
46 106
932 79
510 87
295 697
150 132
867 658
853 890
713 120
490 163
628 333
646 612
918 153
166 914
297 705
390 294
873 354
926 756
214 698
620 985
914 848
862 554
25 207
82 488
824 713
453 607
36 457
857 52
447 433
394 15
842 641
759 952
688 103
172 136
930 60
13 126
629 744
777 983
526 762
263 496
161 106
474 19
224 566
578 669
262 808
345 358
848 123
189 429
106 288
599 230
572 680
890 180
143 76
627 745
129 662
886 630
639 794
108 722
623 349
700 910
496 180
151 966
557 831
541 218
820 351
84 411
515 547
416 685
248 676
892 417
877 179
74 288
61 38
374 87
912 420
506 215
859 956
273 222
574 380
944 789
763 293
302 163
254 934
469 434
24 787
221 305
429 868
468 254
822 965
903 636
575 995
881 639
123 928
163 473
588 622
512 339
944 706
413 641
340 679
110 821
155 175
936 870
193 835
824 903
360 469
37 722
538 73
315 464
244 426
580 460
174 405
192 30
286 179
107 658
806 954
861 293
534 501
607 705
107 832
813 66
210 153
780 781
176 269
214 561
414 23
534 583
964 65
638 952
175 922
42 753
205 243
923 940
466 593
731 231
788 102
256 191
39 156
613 247
461 330
209 241
960 818
480 844
142 846
683 38
21 595
316 581
243 607
389 159
156 190
982 246
124 234
695 663
820 68
844 66
649 627
385 921
413 449
375 328
201 637
933 820
290 790
187 958
131 983
869 610
840 900
835 920
934 166
331 383
807 177
596 449
174 795
730 395
749 349
71 369
623 708
121 231
41 166
79 666
37 178
535 407
573 64
460 831
727 911
417 768
552 197
933 328
535 4
81 659
463 25
747 98
654 434
337 745
386 140
922 106
373 268
177 17
997 302
953 656
537 337
865 108
122 616
477 382
480 462
887 823
560 594
822 370
723 254
935 945
186 144
205 340
850 139
853 884
328 369
916 830
819 813
569 578
582 71
118 140
920 148
703 651
428 347
257 325
926 522
367 538
787 7
769 528
310 535
785 943
461 366
526 690
928 397
656 924
159 763
18 509
81 283
543 641
87 261
414 975
934 262
186 566
142 981
381 665
994 740
441 732
351 33
928 218
640 718
750 153
184 186
921 903
581 533
649 144
482 419
514 782
843 934
290 826
365 278
439 244
166 201
705 921
367 651
835 522
32 237
341 349
87 841
790 530
425 978
779 783
57 919
504 949
433 825
692 816
452 4
347 981
795 57
156 757
70 23
696 418
236 299
738 37
687 236
746 616
239 757
149 733
614 547
843 998
585 831
344 619
932 84
491 780
315 58
51 177
615 975
762 385
148 282
943 948
749 901
715 573
718 492
723 22
905 997
727 614
304 184
270 925
287 961
413 879
813 121
788 229
430 571
471 149
272 565
116 804
153 342
651 243
279 786
929 501
28 988
170 289
917 156
508 820
505 921
160 549
413 141
744 838
492 650
937 787
864 797
738 826
266 433
431 601
241 579
595 524
981 555
512 40
587 940
623 90
327 361
767 956
818 654
705 569
775 385
376 901
530 580
252 488
751 774
901 59
668 474
285 715
982 62
345 43
808 717
237 13
347 629
756 991
958 55
317 405
804 921
273 983
386 750
365 413
854 215
144 580
696 241
532 607
146 238
311 552
520 447
613 596
833 861
929 637
245 213
762 993
1000 950
844 767
131 124
403 771
562 264
670 839
913 946
153 837
942 455
340 285
72 915
628 680
330 343
277 300
101 744
288 815
112 483
130 222
149 866
511 999
875 910
750 878
162 751
332 643
663 345
335 824
963 483
103 300
162 350
146 827
955 135
758 584
66 898
215 199
680 430
21 122
336 356
44 45
333 405
722 168
765 6
124 370
60 924
882 290
609 762
850 772
212 797
47 333
158 223
986 452
470 221
113 880
848 493
566 379
270 292
719 570
284 384
109 405
555 7
833 377
464 6
797 222
245 895
216 357
159 977
753 130
347 593
114 380
351 305
484 606
491 362
843 913
807 826
801 887
601 231
701 132
219 754
963 947
914 207
493 570
79 641
64 230
942 257
880 120
24 788
408 755
795 481
121 100
487 45
53 931
884 647
791 85
139 466
785 356
137 49
533 526
606 972
112 432
406 172
139 277
637 586
875 989
503 948
749 956
883 502
775 726
244 4
176 812
415 199
81 993
279 628
543 580
141 627
471 236
219 895
510 338
42 988
421 438
67 291
949 897
287 814
128 173
861 341
457 567
332 404
360 326
289 990
703 103
105 563
238 844
318 323
123 214
266 486
105 150
931 488
241 342
21 368
404 360
100 415
872 432
324 711
473 267
312 135
739 544
901 337
869 429
621 700
668 403
150 958
519 640
273 834
606 796
532 322
401 320
278 886
972 57
960 977
686 115
762 613
7 752
13 627
783 115
238 982
136 2
449 205
964 804
363 387
574 63
406 669
869 609
250 19
203 427
558 531
36 793
516 3
114 981
402 156
624 657
306 3
89 689
507 654
550 486
562 464
1000 797
31 919
1 576
878 866
723 799
157 861
766 707
399 768
841 944
923 478
693 812
991 810
162 676
791 351
832 788
228 677
634 672
656 66
955 168
612 771
538 938
979 852
713 128
287 893
574 672
811 639
423 365
336 669
297 937
564 861
432 128
306 681
185 840
811 908
578 945
319 189
985 945
968 161
492 679
632 270
225 712
635 689
10 52
600 812
450 175
214 316
440 489
635 558
691 335
399 409
512 77
859 166
271 988
113 824
556 894
569 509
287 770
740 449
137 250
156 50
659 93
570 512
311 854
293 487
269 382
435 106
697 643
938 895
971 376
942 607
654 949
339 646
122 250
438 718
132 406
825 757
833 815
72 666
840 770
734 428
827 538
757 853
558 926
227 682
389 711
116 317
514 448
101 15
862 496
645 534
654 284
16 464
642 316
236 699
349 116
88 12
27 752
546 832
534 225
115 446
638 440
727 752
547 374
189 641
966 380
399 661
510 136
157 579
339 288
432 78
973 75
512 749
34 353
676 816
353 573
686 361
32 272
30 141
755 902
827 277
665 434
834 523
929 357
272 724
68 879
264 708
7 884
465 197
485 266
404 666
570 224
362 588
99 648
190 209
1000 221
29 77
289 224
76 168
285 148
802 318
256 390
372 946
240 304
536 893
645 37
208 798
14 108
911 998
604 660
364 913
75 78
256 138
761 977
1000 665
982 281
75 223
294 831
98 148
388 304
173 710
190 764
452 715
855 762
514 642
752 185
458 60
279 62
339 17
800 271
490 749
314 607
331 407
957 439
135 543
601 469
505 488
715 365
404 588
832 15
743 347
157 916
287 241
70 131
317 570
451 504
412 786
148 568
353 782
797 853
743 57
563 687
214 841
93 964
169 729
222 760
427 656
429 450
859 693
955 134
22 307
831 571
67 326
529 557
396 540
453 605
98 796
997 912
67 471
655 766
710 639
824 698
661 73
956 346
567 307
879 13
313 36
591 441
812 442
959 421
356 78
820 989
416 299
440 417
437 316
846 920
872 115
858 42
180 82
660 868
368 274
834 979
372 918
156 203
565 161
307 849
244 110
442 1000
578 44
948 206
587 262
259 355
867 22
743 699
826 785
611 29
796 392
156 792
19 528
407 905
144 847
825 325
917 972
535 397
277 621
163 330
1 635
277 478
944 629
652 318
158 563
230 199
128 610
535 83
59 154
996 937
335 249
361 342
615 190
23 839
804 80
842 239
770 64
720 923
973 608
941 233
500 943
533 961
288 955
988 132
295 556
131 535
672 785
983 899
414 394
436 582
846 393
770 677
499 30
675 35
309 353
590 914
901 557
785 816
751 501
465 252
884 356
17 811
110 230
20 202
848 315
884 393
133 207
450 251
323 379
695 499
418 413
151 657
371 615
851 689
322 33
12 805
105 66
995 282
359 867
402 24
142 999
259 673
479 26
838 983
202 178
49 564
238 895
1000 322
85 96
239 11
594 91
351 237
426 90
78 143
74 322
537 874
838 266
283 498
394 953
513 49
753 792
792 876
443 776
796 780
804 263
606 143
623 823
832 216
945 479
417 774
738 142
760 426
350 432
388 515
292 209
937 800
738 353
387 767
696 623
504 87
961 893
179 577
519 675
357 774
139 223
2 845
807 357
387 925
641 895
200 46
688 936
665 36
738 562
479 644
974 302
160 684
328 696
827 264
573 740
547 789
336 301
376 990
929 344
710 583
314 284
261 371
742 884
715 321
217 591
293 930
459 390
613 233
116 535
834 710
323 343
328 575
590 315
591 742
531 843
743 908
464 13
781 687
991 755
902 945
869 674
952 210
330 746
496 254
712 291
544 428
503 277
415 919
702 846
128 698
428 581
786 440
937 60
832 262
501 728
491 83
296 67
117 437
526 441
401 471
213 898
507 685
943 848
857 663
537 529
336 830
633 952
581 312
568 973
272 250
914 585
233 593
541 998
637 625
620 865
324 166
883 433
595 101
149 46
639 18
618 209
959 187
141 698
440 569
646 665
775 63
278 637
279 812
674 334
806 851
20 940
578 914
315 760
449 558
565 648
696 601
750 652
185 212
632 299
595 929
923 918
896 26
20 130
208 98
194 141
547 659
324 536
281 974
517 823
683 467
497 68
190 161
787 49
411 692
782 421
530 578
413 350
307 967
270 249
13 595
751 768
776 739
937 604
961 854
445 877
946 658
530 469
839 349
184 233
521 238
669 958
28 42
450 884
403 694
373 876
411 67
122 31
875 439
342 552
354 893
848 621
649 876
15 247
925 999
430 447
198 43
127 147
679 568
576 871
170 536
374 360
122 497
892 749
254 274
258 103
18 615
24 984
460 976
706 920
67 922
139 313
196 318
88 479
453 169
10 550
37 127
969 203
645 956
691 314
90 635
732 190
823 17
115 164
794 265
742 67
766 69
381 57
306 762
276 443
479 732
44 47
998 168
548 367
551 286
488 794
833 819
210 466
746 288
12 732
307 660
452 427
54 355
556 33
389 390
157 106
108 920
864 938
181 816
80 121
632 438
371 650
464 472
561 974
928 439
671 385
86 931
619 972
843 548
772 348
591 734
70 698
760 602
411 656
51 441
252 270
237 94
661 524
669 17
714 682
731 344
597 383
890 491
943 359
599 449
964 706
325 604
975 686
274 394
866 336
294 969
78 848
100 904
58 218
730 259
681 297
471 803
107 961
903 970
282 816
784 594
810 266
65 337
452 631
566 967
41 69
187 738
300 579
852 240
619 807
624 127
272 36
279 291
728 941
503 769
876 285
469 394
112 434
131 888
888 307
779 644
173 237
28 656
992 209
240 598
314 965
461 690
10 474
482 655
980 370
619 466
456 14
542 628
327 545
343 291
861 290
794 365
23 653
357 195
896 309
146 940
789 54
573 917
394 46
626 927
314 377
69 293
150 739
851 594
802 18
146 590
953 166
116 572
1000 135
382 820
926 147
289 62
863 636
82 527
854 337
432 546
755 268
890 557
411 892
341 243
877 993
345 240
950 599
38 189
111 473
27 396
686 973
212 640
876 237
674 941
948 60
569 193
455 28
603 1
913 316
199 27
865 731
122 228
486 589
686 947
678 79
113 303
421 510
829 465
888 915
647 832
209 860
815 248
468 63
52 702
530 527
38 377
210 530
100 25
766 999
681 91
761 229
870 513
762 150
89 544
73 235
491 148
645 577
379 983
654 433
892 900
558 205
638 287
213 688
586 186
895 436
75 691
185 509
236 902
954 297
422 835
577 966
372 198
232 433
747 274
471 242
699 87
828 689
758 694
177 321
141 742
849 739
344 607
130 614
430 300
154 595
564 718
266 9
186 352
224 659
152 432
634 866
621 636
889 978
82 872
155 896
483 271
725 891
363 805
143 227
932 804
458 755
973 144
812 274
772 332
109 909
485 502
656 814
199 328
181 973
669 40
464 718
872 208
518 742
133 268
62 162
445 42
126 881
532 582
231 383
765 850
22 911
978 977
944 833
706 352
50 508
434 31
257 574
387 431
227 684
35 863
18 753
439 323
518 802
282 10
836 725
446 793
309 883
456 281
663 80
400 499
41 434
976 940
645 822
25 469
552 850
463 367
802 551
624 357
659 771
487 682
783 969
298 604
384 227
215 316
556 280
920 363
257 309
242 845
815 994
79 592
730 726
927 784
368 955
20 28
702 528
314 305
534 332
67 27
674 17
177 591
901 967
555 382
538 576
25 563
798 918
769 700
508 741
499 165
231 527
114 428
786 985
380 272
143 116
610 757
639 866
333 567
193 108
156 16
88 838
697 300
455 484
641 10
229 31
787 799
200 963
717 610
520 418
334 894
765 787
51 24
125 222
640 971
400 352
221 728
956 813
95 291
667 418
672 476
946 215
801 568
931 633
913 38
257 538
936 277
884 575
888 570
836 698
325 187
951 667
826 12
62 666
653 45
636 747
892 861
680 85
405 932
438 869
945 375
528 409
602 806
344 586
272 231
22 471
150 152
888 391
724 245
250 636
54 804
625 841
609 51
653 352
896 443
453 458
612 965
346 401
224 893
264 754
907 106
46 554
837 741
159 265
242 881
315 519
979 620
871 522
159 414
458 809
257 594
208 176
659 475
237 827
661 297
114 6
132 441
613 32
341 877
243 583
650 141
341 222
218 139
754 73
664 353
648 708
8 453
581 567
549 618
345 4
643 749
626 399
535 971
919 616
925 311
543 888
88 802
325 603
731 712
880 270
75 108
301 324
477 688
756 710
728 370
32 185
169 112
211 585
317 152
890 202
112 70
240 907
593 905
562 344
653 879
321 718
896 940
70 963
808 232
323 103
187 741
60 109
512 28
563 126
123 567
287 326
240 873
793 709
693 81
422 438
175 509
770 175
443 61
779 647
253 862
709 135
914 654
475 460
435 863
997 591
279 512
260 498
789 972
628 429
970 536
918 808
929 449
751 278
129 153
50 880
101 605
413 193
305 504
93 633
993 587
760 810
134 37
836 391
216 776
472 690
419 705
962 301
752 857
872 148
10 224
5 169
685 567
622 242
190 176
753 321
91 870
534 932
494 353
869 315
308 493
330 613
94 474
691 607
977 906
82 814
618 908
973 648
273 771
916 595
166 86
530 291
544 386
891 61
465 258
749 55
622 959
400 394
164 627
130 575
894 814
407 201
869 622
84 298
714 929
57 630
651 304
942 689
52 703
550 394
753 798
572 438
683 631
186 873
389 736
573 92
425 660
359 7
844 913
614 571
819 738
935 988
184 939
149 935
174 330
158 719
490 231
637 333
321 149
663 755
965 421
408 61
72 106
399 449
93 556
867 921
99 947
430 596
686 451
175 954
57 395
422 701
629 571
969 490
640 134
200 413
219 491
612 322
629 684
688 178
341 948
824 752
753 412
167 216
820 774
53 145
554 342
994 625
62 65
290 489
281 798
38 222
419 936
229 577
553 327
507 867
57 944
958 494
247 893
179 453
736 902
252 931
478 51
711 99
183 522
38 267
773 844
425 982
139 672
306 83
415 695
24 800
973 821
723 990
120 649
443 903
839 989
553 140
331 714
885 47
44 513
616 812
410 247
28 682
127 940
516 407
809 427
193 670
70 324
310 503
846 293
587 199
331 808
998 479
449 384
872 928
521 964
173 69
763 813
451 319
325 282
738 613
352 168
962 849
10 354
339 402
994 873
457 611
993 913
868 539
780 977
711 959
266 198
845 821
58 217
458 884
647 3
685 972
396 857
589 304
150 680
63 217
323 164
198 816
586 738
381 486
953 221
850 687
851 762
711 626
986 415
826 452
845 488
151 731
868 95
998 718
927 710
786 982
548 777
808 802
751 770
40 716
646 362
378 661
134 414
47 907
588 221
256 520
991 160
648 794
514 895
830 241
208 672
967 528
109 979
260 870
213 834
105 969
305 947
277 741
524 618
339 788
340 59
144 870
606 186
199 768
260 900
819 399
16 416
839 816
474 868
459 556
904 655
814 150
373 174
89 543
988 413
470 102
597 767
157 770
84 806
821 215
235 338
844 808
24 585
667 993
286 457
750 882
866 579
23 443
599 603
943 709
859 694
660 461
76 692
205 280
405 761
978 24
543 112
610 340
710 739
613 508
820 698
604 17
100 272
626 968
57 451
845 170
422 709
439 697
595 959
212 793
848 481
392 263
673 138
142 887
807 67
555 234
740 166
777 180
618 518
358 789
513 658
147 908
699 715
424 519
77 755
578 440
597 396
450 807
930 510
226 798
283 205
506 510
14 79
821 837
880 271
582 204
406 757
49 904
216 135
363 296
326 444
933 236
239 736
688 789
249 193
231 497
143 527
184 596
717 662
403 946
540 177
283 408
566 965
248 502
943 165
244 387
439 394
645 619
871 391
32 614
3 114
552 125
828 474
496 595
832 925
559 346
608 692
71 716
168 501
251 339
562 157
945 227
779 431
953 744
186 249
633 580
620 570
638 24
537 410
820 475
154 970
945 973
497 966
978 143
997 945
836 113
620 728
422 662
392 453
428 259
858 376
695 351
590 179
294 476
986 931
835 72
711 677
142 672
289 60
608 478
204 425
760 521
38 461
855 138
164 783
538 871
78 609
375 33
838 955
347 512
612 28
354 380
27 398
768 428
56 494
809 720
167 490
338 808
726 127
213 24
71 78
373 802
863 148
865 176
35 745
416 869
753 908
795 163
407 57
389 606
377 400
620 436
964 966
911 761
757 893
711 559
190 522
728 109
446 912
486 685
966 219
65 383
112 242
40 111
904 760
690 153
364 408
315 164
995 518
689 983
144 76
399 780
590 561
679 800
663 447
296 791
650 970
542 692
357 946
965 51
801 946
641 645
658 605
682 592
866 664
150 321
45 587
240 963
27 566
249 809
249 650
287 1000
319 6
210 231
637 332
927 24
513 380
765 650
661 204
172 47
524 340
417 304
703 694
198 954
589 267
238 459
896 737
564 639
945 715
233 841
601 651
142 844
794 912
314 386
265 198
85 461
46 829
983 484
308 900
146 707
510 782
833 539
744 234
263 580
503 67
294 218
99 334
762 530
270 45
515 993
602 123
624 543
958 28
523 545
989 704
938 338
164 513
422 201
498 547
481 773
1000 673
820 468
895 560
696 218
716 165
19 367
869 897
616 722
531 264
550 36
839 973
921 413
382 959
775 416
683 594
793 551
528 657
69 319
676 489
734 35
883 743
679 742
295 941
723 846
170 946
653 7
303 754
753 539
130 68
499 671
141 346
107 418
935 565
936 148
588 307
489 230
609 21
112 587
828 369
386 284
917 713
173 68
250 713
696 810
537 417
77 424
925 489
576 329
276 937
210 203
840 174
44 427
201 404
789 441
388 676
220 263
276 17
617 941
817 339
357 106
584 34
512 271
16 702
146 517
272 712
467 963
301 595
163 526
458 642
479 808
831 199
998 636
474 168
829 994
42 468
575 194
100 34
835 145
751 781
953 704
730 8
288 43
587 641
933 917
476 833
902 912
34 626
273 970
624 427
976 279
526 888
947 950
360 636
133 767
32 12
956 696
686 983
868 412
134 840
765 884
17 94
758 487
194 209
100 757
981 332
75 817
115 764
559 99
762 93
778 684
808 157
535 474
295 849
614 625
830 562
852 78
143 279
66 711
129 55
685 474
225 423
948 840
54 651
185 712
810 873
411 96
200 689
908 462
675 301
324 133
110 658
404 797
25 32
951 89
720 721
438 52
810 907
780 871
799 5
585 393
966 638
602 382
975 708
82 373
124 280
361 186
132 804
975 322
519 440
191 582
447 12
347 232
475 991
774 111
977 113
25 924
263 494
608 307
555 348
316 712
906 142
928 458
329 851
437 312
4 893
812 724
9 1
564 341
911 32
949 413
146 410
312 974
310 681
152 567
711 375
270 75
899 633
868 338
959 869
515 553
40 967
406 650
728 372
621 23
568 477
986 948
185 889
464 950
469 459
566 811
571 895
218 723
183 738
994 237
852 243
50 21
692 612
839 791
733 304
936 78
991 744
39 995
799 421
323 628
31 847
969 394
163 479
225 675
383 376
828 475
443 63
822 761
554 679
774 636
496 931
704 216
429 401
571 168
455 301
22 352
28 945
419 276
42 677
831 603
23 654
424 248
335 904
358 283
430 628
822 394
314 149
758 728
964 79
175 928
994 781
698 127
275 290
958 549
814 585
910 904
159 636
16 646
128 448
845 77
209 235
416 331
200 498
935 92
405 653
669 208
506 718
747 772
513 844
436 53
330 528
233 761
328 674
86 143
119 331
129 756
761 829
748 589
416 920
18 504
151 992
762 721
763 8
322 334
195 996
715 237
199 20
554 37
333 846
504 560
648 49
278 348
45 575
877 886
682 272
353 142
874 568
838 821
252 832
871 341
967 979
162 991
415 406
221 32
150 100
575 781
463 487
447 930
672 740
305 973
382 205
844 994
358 74
508 547
126 246
501 166
957 590
559 750
965 195
676 906
152 584
138 281
646 689
901 460
408 63
483 709
596 820
710 552
570 503
238 345
135 778
544 774
119 558
881 635
539 642
497 882
479 934
336 432
688 37
564 632
363 905
608 268
78 416
746 502
17 932
436 922
261 17
674 234
983 340
863 738
941 960
191 289
431 278
287 18
19 144
636 175
138 526
860 874
643 551
476 748
441 599
541 156
347 601
138 657
630 292
80 384
670 691
160 296
804 577
861 528
697 759
114 611
411 153
892 598
753 824
883 889
330 91
386 985
49 689
411 310
50 74
876 66
514 477
382 783
923 147
727 937
840 531
788 787
159 698
334 733
343 529
475 409
239 608
790 80
187 13
831 812
759 659
45 999
234 32
567 870
571 355
129 436
866 701
750 967
606 683
44 148
738 611
7 60
45 137
229 380
124 646
200 78
491 145
291 281
224 852
958 643
860 57
564 830
410 681
661 48
955 351
686 477
267 881
417 76
531 196
935 262
962 480
854 690
124 475
508 122
695 969
165 78
669 231
321 409
837 945
237 229
551 578
69 956
603 156
17 529
803 974
80 602
512 664
868 40
687 628
875 604
925 447
360 863
731 368
90 360
420 569
204 208
186 839
481 573
777 120
618 962
753 105
402 528
359 264
759 55
947 953
86 327
817 733
678 59
666 979
192 854
431 249
749 398
112 93
120 568
917 947
684 866
114 790
773 656
502 337
430 50
72 522
804 347
382 811
404 585
687 142
156 582
676 157
255 136
41 898
633 88
512 817
44 765
221 153
738 293
997 552
192 385
926 620
672 923
909 866
508 619
521 950
31 303
866 650
638 165
694 331
495 204
225 440
297 859
851 348
81 153
922 497
86 618
896 220
453 745
937 992
168 855
870 362
263 344
929 260
879 8
242 438
498 85
336 120
774 65
265 140
