930 1000
90 187
702 386
762 802
466 496
891 561
782 640
659 662
436 399
883 180
773 776
44 469
779 650
585 307
882 913
520 41
305 259
508 633
487 823
44 686
80 895
688 228
164 53
383 493
347 708
188 141
210 858
543 703
783 315
868 433
319 145
861 600
295 232
922 716
10 479
675 451
572 841
539 77
281 539
563 566
267 85
903 629
19 866
847 424
912 402
916 729
865 89
439 529
834 491
541 508
828 141
64 98
675 89
848 868
41 854
250 11
15 452
272 174
36 95
147 52
493 661
61 646
22 582
290 395
700 323
872 252
291 504
168 265
924 42
694 915
353 93
486 292
749 535
278 911
152 858
56 1
628 196
502 279
198 427
217 485
559 584
907 219
297 27
834 577
387 38
580 514
875 525
833 236
559 181
562 379
11 918
527 907
514 35
112 244
211 319
447 166
12 308
400 542
826 285
296 309
794 137
579 63
886 564
45 567
616 397
906 292
356 648
587 745
843 835
865 783
524 555
475 836
804 192
625 869
645 106
422 221
904 172
524 199
528 130
636 247
558 692
79 453
617 377
234 715
202 327
791 822
91 330
377 265
697 667
365 896
400 153
698 16
929 887
736 600
59 493
757 297
690 137
501 474
660 59
848 427
514 46
101 715
51 580
417 644
587 93
419 597
504 106
171 489
172 505
762 489
231 147
362 596
664 929
774 913
167 182
545 277
356 924
252 528
882 699
525 82
703 920
217 296
552 645
616 45
926 492
564 277
926 851
168 115
353 860
248 780
561 858
563 10
584 602
342 373
895 316
857 39
632 75
315 171
474 929
143 729
257 845
420 271
633 761
315 742
660 818
624 409
372 183
146 100
318 564
283 831
91 374
796 93
659 152
881 917
494 277
489 805
443 712
159 107
127 807
495 660
443 825
548 133
475 866
562 599
173 257
730 289
457 214
900 27
500 649
525 520
675 797
609 383
873 721
579 763
849 714
100 501
47 718
160 87
771 720
189 583
79 517
313 840
483 750
543 28
621 812
747 625
549 805
73 15
681 245
458 38
294 640
463 779
507 357
90 779
844 758
796 881
410 528
697 247
555 241
459 875
444 887
84 743
541 862
18 349
591 680
427 403
377 87
694 631
240 292
738 405
481 590
772 679
907 785
378 875
417 873
474 679
515 327
755 842
114 865
873 507
432 516
897 592
813 849
740 780
597 645
430 713
877 330
591 845
797 808
563 457
705 362
411 483
759 875
295 225
11 480
781 786
828 455
481 894
461 384
321 856
358 711
548 808
827 722
675 765
3 471
742 263
389 394
851 563
800 559
640 88
738 534
155 581
137 498
108 547
911 881
702 622
476 580
917 90
360 788
610 217
352 713
426 342
245 178
147 775
3 916
888 602
393 395
189 928
64 576
447 904
603 661
382 215
825 505
864 556
24 494
581 251
726 843
638 626
490 124
866 910
170 593
618 461
266 486
486 192
548 91
309 4
810 52
519 145
261 726
879 529
711 681
680 482
803 563
898 472
535 864
320 246
347 89
754 571
500 455
484 739
250 679
895 801
420 587
258 272
78 335
707 547
161 14
141 613
679 275
792 589
756 523
597 817
139 342
695 751
420 373
525 193
369 528
549 69
179 742
728 453
38 1
24 880
403 644
504 707
927 610
380 704
328 422
254 249
774 837
921 407
669 167
66 412
403 72
880 834
438 741
192 554
651 46
192 324
321 829
681 775
218 370
768 422
203 564
718 256
439 378
631 710
651 377
467 907
822 482
550 360
534 406
739 234
288 767
532 549
8 260
338 576
216 423
788 607
737 61
407 623
784 825
443 315
895 527
132 374
526 151
141 342
40 802
242 802
663 636
178 583
92 269
74 449
196 134
778 831
324 872
219 824
572 311
819 470
913 282
612 896
684 501
751 319
860 515
124 345
822 30
111 77
611 630
81 106
431 586
343 355
731 842
238 64
826 753
407 376
503 275
718 132
209 351
287 761
570 391
882 437
334 918
558 235
892 592
141 14
456 544
252 591
383 619
525 644
908 268
18 487
478 62
431 890
917 821
96 281
704 147
463 704
797 693
232 756
818 167
549 922
744 292
836 775
214 663
876 187
184 336
22 229
531 170
328 901
810 317
330 873
496 113
868 92
23 688
814 677
805 408
259 265
131 700
81 204
652 74
311 307
591 119
689 203
911 605
648 593
495 629
165 49
904 532
470 427
381 153
493 10
742 711
72 694
438 581
593 824
926 68
175 366
929 811
434 331
295 47
226 274
374 735
835 577
636 745
32 146
578 319
436 71
476 609
351 766
869 930
765 710
127 264
682 778
25 435
905 41
814 550
451 818
268 292
567 314
491 53
929 338
65 181
49 776
374 354
892 747
253 595
218 588
771 165
682 447
648 558
353 483
740 774
190 750
738 876
246 732
877 481
808 675
18 694
645 491
43 834
136 96
41 181
405 178
852 80
713 163
675 290
83 719
527 818
217 527
807 392
23 926
268 909
161 478
786 846
911 512
610 183
684 228
481 582
116 550
542 517
526 707
925 313
118 926
91 317
392 57
757 634
73 80
647 861
265 551
594 462
23 488
1 570
191 822
126 62
899 634
844 540
613 670
869 41
486 797
537 396
477 651
42 303
481 773
423 549
783 261
739 898
849 371
236 69
826 606
630 552
139 179
860 260
619 352
252 109
677 442
552 210
772 565
723 724
686 742
745 711
564 439
322 38
911 889
515 458
312 677
630 688
268 13
319 152
875 398
766 318
859 354
399 677
143 528
403 264
392 909
887 767
673 506
199 729
389 507
254 315
863 637
207 564
601 249
682 833
93 707
577 683
615 322
119 35
680 31
288 516
551 502
826 723
95 385
388 490
140 128
52 927
200 906
193 685
175 83
50 734
619 41
307 773
509 590
863 215
499 471
745 920
764 774
749 823
75 446
724 245
603 49
551 380
789 209
24 341
293 524
758 702
465 453
693 629
711 122
540 693
690 508
211 534
537 343
785 30
700 495
298 346
103 375
367 450
849 455
650 205
488 660
68 570
70 194
511 468
166 753
351 864
190 472
104 238
786 144
220 877
779 311
120 483
15 841
469 913
848 295
394 880
911 382
381 10
500 243
252 454
110 886
845 780
112 912
392 805
390 1
489 48
123 646
310 487
809 452
477 899
668 698
762 401
648 694
725 483
452 163
570 266
436 101
610 494
439 504
593 561
410 603
727 35
252 906
143 725
203 342
516 472
228 793
891 254
891 805
435 766
647 416
446 905
621 623
205 818
519 287
297 882
465 400
213 627
396 578
13 301
494 158
138 409
673 79
718 910
591 302
847 101
797 880
814 86
686 907
375 30
213 794
726 744
471 365
737 769
42 770
565 480
188 48
515 62
755 792
890 746
799 803
604 472
841 140
355 44
366 351
757 267
31 145
265 295
663 246
276 673
102 436
425 487
94 86
758 850
707 732
872 167
336 846
707 469
611 620
759 394
787 175
251 239
526 200
603 96
699 142
738 191
791 171
138 588
503 622
570 401
382 30
27 631
12 607
197 481
110 168
797 424
746 531
586 19
243 571
510 412
764 44
107 397
94 527
866 169
837 51
143 488
916 115
64 759
504 660
139 592
505 496
806 550
171 85
99 702
707 889
917 259
729 892
135 273
638 345
365 103
666 782
445 574
690 197
143 171
682 20
102 558
237 205
627 381
666 413
707 894
209 895
910 769
323 444
768 351
364 157
918 608
777 588
926 602
782 304
470 891
324 786
147 324
852 233
874 916
731 63
36 513
823 103
53 856
222 492
791 94
282 897
852 88
378 739
575 697
175 303
565 468
913 3
437 550
439 198
546 714
176 902
502 441
898 341
685 432
583 639
291 145
632 563
778 331
66 41
675 898
898 10
186 325
810 846
776 189
795 75
88 640
301 271
771 115
132 856
353 413
248 362
247 498
14 575
326 424
753 551
259 481
928 646
764 79
656 192
588 157
221 836
906 414
546 188
233 879
680 768
299 116
580 310
670 478
892 457
808 873
828 494
852 815
505 759
878 458
538 55
560 104
330 759
898 3
525 161
892 337
40 501
723 741
723 792
196 760
782 294
21 430
614 841
868 28
725 32
582 188
505 760
625 913
361 706
517 340
495 456
368 389
114 665
921 95
637 693
877 689
785 760
1 915
591 531
647 808
230 307
233 493
880 434
300 402
724 859
853 341
470 748
209 887
695 226
103 374
553 154
97 246
904 482
407 220
907 34
561 167
614 592
137 332
754 467
370 681
629 907
689 656
397 24
800 617
297 580
220 178
169 823
612 754
80 360
910 609
393 475
112 691
629 197
859 181
221 53
632 57
556 94
849 645
843 128
920 13
422 120
647 625
614 556
187 277
669 179
255 566
433 181
489 619
56 375
152 341
334 136
513 684
861 222
827 281
186 387
80 215
103 191
766 325
344 364
882 609
541 594
460 401
817 122
376 715
338 664
465 795
64 802
653 800
473 17
926 526
559 74
869 878
564 135
640 735
373 665
264 227
780 308
449 374
142 196
493 133
63 113
62 117
185 205
598 332
694 37
155 290
31 33
469 633
396 815
255 765
660 665
645 518
338 763
84 605
425 631
743 180
857 491
360 642
683 99
869 372
229 533
306 392
268 391
15 4
132 460
378 19
659 894
316 221
797 532
379 661
31 241
255 472
493 595
430 881
277 599
646 511
765 557
215 346
141 595
383 501
5 286
471 493
838 107
798 350
713 889
865 56
498 921
62 419
765 10
453 313
772 281
719 617
530 650
720 735
130 434
811 322
225 878
600 910
676 153
548 726
143 836
537 40
740 190
903 105
88 423
495 417
434 488
1 161
847 844
61 242
580 774
249 581
30 393
322 734
677 397
848 480
612 281
558 494
872 529
301 895
893 272
626 173
616 416
137 86
78 695
648 290
49 5
529 424
603 417
538 572
635 624
265 176
487 49
619 305
661 306
795 855
140 109
589 858
443 625
315 676
335 553
239 152
214 426
826 24
27 440
677 558
456 627
164 140
302 605
216 681
413 17
275 573
148 769
186 669
297 841
524 184
892 865
597 89
474 742
176 229
451 45
329 808
916 734
701 11
210 19
347 253
666 142
273 930
844 612
120 235
300 110
607 457
551 791
33 357
232 718
158 730
640 186
767 850
168 394
247 719
876 586
74 758
314 754
23 645
906 164
926 917
802 671
367 38
122 77
86 63
710 592
156 41
627 3
728 20
555 633
735 704
556 803
303 775
9 32
693 411
285 670
273 875
241 929
117 479
511 203
847 365
499 531
688 132
581 12
379 211
694 293
571 615
609 467
332 235
560 756
581 322
527 241
841 237
718 613
663 444
242 248
280 699
407 55
767 803
478 517
845 308
847 48
452 40
663 642
616 211
729 335
743 126
626 308
611 793
520 409
665 669
742 8
83 70
857 120
904 903
279 891
129 527
893 5
337 841
740 453
744 459
672 274
424 865
786 838
478 498
578 27
33 87
418 447
31 926
764 591
600 536
512 650
697 53
805 828
789 82
496 371
22 62
43 272
595 799
145 478
695 759
854 683
506 454
913 398
771 898
853 156
925 810
508 872
566 755
474 808
556 299
761 565
886 257
105 410
162 6
309 341
662 918
757 929
279 905
508 897
493 361
10 812
8 388
462 849
565 821
616 654
159 915
163 202
701 480
477 502
523 495
677 828
106 653
565 386
415 122
683 116
687 462
360 410
77 472
839 739
693 801
174 358
381 839
364 926
122 571
421 764
392 815
881 157
735 206
649 348
622 163
81 200
851 105
925 424
712 118
577 728
209 172
780 234
36 631
473 827
223 857
84 347
881 905
922 739
500 64
483 8
504 366
253 749
881 429
342 411
74 678
721 703
115 216
463 39
174 483
380 185
461 514
353 921
246 27
700 692
173 596
507 730
168 417
206 153
315 633
407 296
46 326
93 889
684 316
77 554
490 394
386 193
922 63
763 164
623 229
113 529
863 714
310 734
613 799
587 700
881 95
383 699
114 189
670 36
583 840
602 524
510 34
60 475
495 377
856 143
434 208
731 618
610 857
735 761
868 575
374 515
808 791
702 674
685 816
561 351
914 360
612 894
903 756
281 208
284 171
278 114
631 640
31 862
692 516
622 215
897 596
502 154
400 342
237 92
238 282
145 650
840 281
270 530
76 859
383 79
222 323
645 465
209 129
806 27
833 310
277 807
133 904
818 717
120 895
330 332
260 702
685 454
174 531
211 451
86 43
508 519
486 865
720 358
708 277
920 408
223 23
484 511
512 407
307 533
236 162
866 361
819 280
547 703
143 743
554 304
272 44
425 902
80 914
815 145
302 316
420 754
256 627
594 891
428 335
83 792
464 590
363 504
439 432
409 299
709 235
749 68
806 21
260 185
316 334
835 208
819 353
506 115
2 646
223 359
467 721
805 84
572 417
390 794
397 162
406 559
597 264
691 719
896 810
552 273
210 403
25 183
578 167
417 757
141 302
216 748
827 486
259 533
233 536
514 590
415 32
308 494
716 419
150 183
156 42
139 162
585 118
509 737
274 93
633 815
748 424
92 241
247 129
907 54
417 755
143 754
791 806
574 178
877 291
916 191
245 708
245 831
690 339
232 242
892 672
454 826
320 314
375 785
449 218
159 752
438 484
690 744
809 472
568 564
399 507
886 251
45 569
7 738
795 683
893 252
470 738
92 747
77 538
852 608
764 706
130 38
431 103
436 549
145 848
681 467
284 913
744 651
133 805
604 259
115 246
625 420
298 467
101 152
378 101
536 246
582 526
193 344
436 191
720 2
743 112
475 838
233 255
696 416
34 144
908 282
715 150
146 148
846 179
664 387
795 401
278 392
390 108
157 804
328 302
238 362
368 709
385 364
204 866
741 369
177 706
328 742
62 216
797 155
216 296
592 195
350 215
665 825
671 534
801 400
739 590
351 203
514 254
368 823
681 343
262 630
399 332
661 596
65 634
376 613
487 25
604 642
113 854
816 216
344 403
804 444
721 30
259 426
335 10
579 597
376 473
822 520
399 873
492 317
687 620
266 926
125 158
328 171
554 812
332 856
719 100
301 317
739 569
283 441
388 422
570 863
266 606
647 689
908 73
359 738
641 53
203 811
781 720
12 229
744 303
427 109
359 565
506 475
476 759
413 888
495 625
352 481
461 76
718 603
131 210
759 816
389 219
46 468
787 72
732 508
645 485
629 736
133 779
788 839
332 528
799 28
124 658
588 494
221 702
900 580
650 332
566 838
57 694
468 63
615 547
86 118
434 495
56 453
277 606
442 72
924 206
84 72
657 16
735 156
862 556
442 398
651 840
46 882
755 386
170 154
751 792
365 45
573 382
832 371
27 582
285 268
142 911
40 134
538 397
756 817
243 299
10 866
192 65
510 850
46 15
211 822
603 645
40 879
209 425
330 591
294 226
420 9
638 327
894 173
503 63
805 9
829 264
688 552
46 167
203 339
896 838
328 93
771 60
723 714
301 705
378 53
381 627
326 715
556 236
833 15
565 5
184 906
922 184
887 190
74 534
598 813
181 786
110 216
577 435
838 58
329 90
790 340
603 812
839 398
777 165
502 149
602 824
353 542
796 374
172 883
749 765
272 793
311 891
124 11
231 387
581 928
453 851
532 209
7 154
8 805
361 323
183 579
311 117
118 459
212 644
752 401
705 368
729 813
270 801
471 224
472 175
485 522
292 274
390 724
182 298
183 7
735 618
799 626
545 265
853 770
895 654
537 903
117 522
742 397
906 218
856 662
478 85
345 100
211 113
348 916
540 698
104 228
712 483
218 372
373 520
560 814
607 661
188 743
46 202
12 832
895 516
87 715
879 830
400 72
241 641
354 86
687 776
335 615
178 767
471 103
177 370
278 920
834 914
435 312
894 922
738 492
230 16
769 291
770 467
384 847
31 470
10 137
772 676
900 462
44 856
560 129
230 440
730 753
124 320
806 698
239 783
159 5
640 717
733 160
25 225
389 918
807 704
443 431
192 883
284 342
362 693
292 664
574 164
359 899
365 569
223 517
62 259
85 612
31 55
458 662
129 926
563 614
30 462
181 503
537 524
75 637
351 664
202 773
264 897
857 262
236 402
183 693
11 785
154 723
749 791
109 226
310 109
171 39
41 322
741 82
279 247
713 753
112 819
315 374
746 190
657 777
103 321
579 338
135 304
691 611
358 118
801 554
253 772
117 442
781 249
451 746
111 779
607 758
574 432
244 488
355 167
876 661
842 517
646 669
478 35
443 434
258 440
903 456
797 837
84 205
667 121
895 775
182 283
116 11
691 802
727 160
565 773
13 72
387 303
834 147
502 600
85 27
8 349
174 739
173 910
693 2
672 472
507 365
825 832
740 369
480 914
112 856
647 226
929 409
328 331
705 677
117 484
62 447
181 237
229 262
374 364
414 893
2 822
188 557
483 647
123 925
790 600
534 909
169 2
99 887
614 10
339 229
125 55
222 594
577 62
599 787
566 88
586 650
330 685
766 686
665 313
338 848
413 3
367 497
517 925
76 323
646 750
439 723
767 912
787 814
326 734
541 814
873 617
865 841
645 929
760 640
581 488
121 407
