988 2735
375 356
806 731
918 465
746 826
25 358
166 745
743 697
524 133
980 138
110 500
626 373
476 936
773 189
909 771
315 252
62 31
983 539
749 637
365 513
166 41
10 570
312 531
758 144
456 521
682 974
683 878
650 663
227 625
804 522
234 741
68 372
593 637
443 626
81 350
946 359
444 511
602 830
469 773
885 141
406 469
120 596
942 267
739 894
739 309
744 371
355 105
84 425
891 606
487 758
456 154
167 3
491 502
599 497
22 978
354 844
390 44
564 292
325 446
183 573
591 857
850 856
561 320
965 475
780 627
661 208
521 978
518 268
406 554
963 453
856 254
412 511
786 204
92 253
882 216
3 557
410 133
528 352
323 636
554 374
253 67
975 108
668 402
975 790
390 39
35 586
550 544
662 110
744 935
246 230
81 410
14 744
590 764
186 315
581 176
832 207
650 74
942 979
16 833
495 562
97 231
501 938
275 112
886 570
5 845
618 431
840 424
606 254
571 328
168 485
940 643
26 274
372 570
543 968
549 523
343 348
897 283
58 931
495 838
758 521
871 351
216 641
71 407
741 831
489 457
952 793
383 219
312 696
833 892
700 762
100 341
399 694
475 468
934 808
866 82
885 732
134 607
675 511
489 144
624 469
413 226
276 644
321 418
411 474
731 123
808 513
934 522
978 666
762 840
871 421
600 525
433 953
913 781
849 338
575 11
941 183
132 19
67 598
801 525
783 832
933 24
366 582
684 36
443 203
210 888
484 66
507 854
635 759
61 318
535 623
166 667
79 595
784 380
299 492
282 428
296 641
88 958
526 36
72 109
588 302
678 125
114 421
648 172
523 864
853 489
844 732
555 76
225 287
593 978
943 535
416 150
269 494
215 534
951 701
551 964
673 434
528 140
457 599
686 375
175 117
472 943
677 211
330 565
311 629
149 193
742 503
154 237
84 177
448 962
274 44
855 67
246 38
362 923
1 572
308 936
635 590
348 218
757 652
647 898
7 457
743 308
545 856
925 807
415 914
287 873
663 514
614 116
409 763
526 96
584 817
415 547
906 290
346 915
165 8
19 917
900 522
667 474
117 271
724 214
504 113
712 694
986 540
593 184
296 72
117 581
742 684
726 33
891 681
547 196
285 933
70 467
697 285
734 622
29 416
116 462
695 117
493 136
629 390
939 114
210 353
157 827
679 108
312 38
196 948
18 255
692 774
634 624
56 43
256 573
630 533
442 178
425 877
727 429
85 629
818 313
692 120
487 678
456 693
403 687
582 433
878 726
754 352
812 174
65 922
85 796
987 965
161 978
383 237
717 178
900 283
313 783
703 724
204 696
621 971
268 309
452 554
199 783
3 32
132 143
478 663
923 243
267 58
974 765
254 190
165 193
719 527
667 246
925 711
308 767
150 19
962 131
412 224
397 63
182 831
509 837
934 238
918 20
173 400
840 480
17 673
147 303
44 272
966 46
605 486
107 775
630 91
706 446
840 521
161 627
838 873
345 721
399 889
608 217
440 699
165 615
979 504
176 341
730 17
235 597
537 265
741 484
372 633
716 587
432 958
987 818
398 622
882 839
369 792
259 201
61 930
283 735
688 540
839 962
661 404
848 389
281 287
835 724
860 756
348 475
885 748
376 532
88 560
462 13
174 972
12 689
219 511
805 545
204 854
156 913
380 202
202 268
24 409
195 826
351 161
454 592
825 156
129 383
864 833
916 500
443 724
523 94
742 747
66 72
625 258
590 737
684 670
613 662
925 754
500 975
354 970
429 874
534 506
787 274
612 261
338 731
823 303
18 905
864 542
977 334
9 456
366 128
724 589
410 216
556 111
143 84
399 259
354 343
983 428
712 711
734 103
607 586
131 389
580 777
943 724
581 956
32 264
820 849
766 120
911 881
733 785
400 587
95 242
703 499
672 516
249 198
912 983
86 46
771 806
438 294
350 452
722 734
581 734
378 344
397 855
471 426
628 418
645 12
576 856
353 644
496 711
723 725
723 447
372 716
233 79
784 329
824 283
680 736
571 115
35 235
847 636
478 586
121 335
505 744
127 298
610 285
13 223
387 67
63 713
579 695
236 813
491 602
416 727
185 965
65 544
251 797
69 254
367 437
91 699
590 869
935 417
573 617
189 916
631 61
488 151
412 367
93 583
568 493
588 267
662 587
347 415
511 318
114 587
390 36
586 583
881 605
93 479
737 465
920 740
78 652
858 778
515 283
521 32
828 955
856 860
636 253
547 138
303 725
381 96
881 703
550 771
684 273
464 441
686 756
102 954
508 405
445 631
558 377
581 824
952 898
973 457
722 715
483 69
637 710
447 43
79 91
697 946
497 222
132 78
284 129
177 505
398 340
954 147
518 69
688 272
631 323
625 254
575 728
500 712
728 193
64 736
323 49
434 641
536 350
790 34
900 361
518 936
922 154
543 357
300 595
417 792
676 909
710 283
244 399
936 852
597 850
447 746
626 876
86 867
88 382
489 32
219 859
58 87
904 480
5 813
928 817
12 127
233 43
730 491
219 118
700 647
131 859
651 746
603 955
569 690
493 378
93 917
630 243
546 537
17 347
405 122
56 583
742 445
524 192
196 748
204 465
858 107
247 429
43 251
806 498
130 700
461 4
83 644
887 919
765 86
179 290
626 73
555 821
902 944
528 107
716 653
293 940
681 515
573 960
357 154
488 412
551 662
532 580
409 477
701 774
830 161
479 285
335 56
135 431
928 847
378 96
124 151
572 21
43 155
721 195
591 186
406 910
604 358
434 97
53 270
562 984
342 371
930 544
783 966
570 222
972 171
386 514
794 301
872 965
636 709
783 205
117 505
316 822
247 855
504 590
427 49
693 5
57 227
976 7
500 442
32 852
608 888
244 124
815 50
304 628
424 697
721 584
791 37
572 91
557 888
120 177
139 141
582 768
716 837
570 645
496 558
832 542
671 672
854 384
782 477
869 709
732 946
215 734
384 628
244 543
406 314
344 376
245 984
418 825
238 788
791 376
246 958
7 707
696 711
35 32
226 983
758 612
178 278
301 744
92 377
58 114
702 827
684 482
887 415
676 289
755 911
919 128
550 10
252 344
474 600
183 645
646 262
595 112
743 461
89 736
213 495
878 928
351 479
834 618
153 438
672 673
283 823
123 897
456 887
552 748
956 985
902 288
410 702
633 700
583 458
555 588
264 611
154 206
763 966
784 73
90 829
882 305
517 211
409 321
686 597
430 41
363 733
349 93
538 302
527 618
255 374
808 40
735 56
21 555
903 118
48 583
927 715
605 135
238 423
97 400
119 514
651 573
896 873
909 476
271 77
640 197
348 730
921 963
791 984
96 962
61 251
356 71
966 468
220 457
422 350
444 340
268 765
215 781
623 559
809 378
22 564
666 405
663 851
135 888
33 142
987 570
550 515
403 414
313 366
227 359
599 813
983 519
821 697
842 325
775 891
796 412
798 424
181 77
236 382
717 958
25 355
264 847
653 662
284 274
750 389
329 482
326 732
864 211
89 511
850 986
813 230
377 258
672 549
714 791
583 625
468 943
173 578
192 410
908 498
639 772
587 866
327 551
113 671
262 918
570 882
16 402
717 108
257 67
522 106
767 111
400 665
4 892
457 516
575 702
426 465
953 292
661 91
404 500
170 19
66 237
134 963
376 547
508 974
677 544
491 623
34 655
901 770
276 731
273 939
457 956
399 932
155 395
549 887
127 351
328 943
3 355
539 289
478 576
337 39
455 552
285 287
340 673
358 768
573 133
239 72
683 187
940 221
118 508
249 182
765 16
568 883
129 505
645 11
314 480
68 664
691 782
361 112
770 716
440 513
22 174
745 711
639 167
470 941
647 371
76 249
237 967
257 383
617 97
464 831
250 224
13 4
931 513
659 59
825 473
111 139
441 448
666 734
124 354
155 488
870 903
126 113
347 353
26 631
930 288
88 361
183 559
76 555
80 243
303 606
745 172
599 132
497 165
455 140
554 685
205 26
315 115
943 198
818 358
621 477
162 207
328 230
943 353
735 800
728 977
448 218
660 33
826 834
519 900
255 906
891 357
356 565
341 721
803 571
618 255
718 209
160 184
544 110
853 476
211 529
285 640
142 315
788 391
457 689
890 422
528 7
639 380
847 355
408 938
247 707
692 7
783 679
334 86
4 1
282 88
766 783
412 382
178 345
197 75
348 636
592 957
134 450
265 580
470 490
200 730
97 472
700 716
522 875
550 468
785 948
57 493
96 581
727 902
105 281
488 431
920 386
57 94
756 728
481 144
870 906
355 276
585 778
213 713
549 175
293 832
772 245
922 646
745 135
945 178
269 760
36 776
981 594
771 705
96 786
480 455
905 106
569 879
476 793
439 370
77 534
778 587
179 447
530 152
948 191
490 422
53 904
406 232
65 487
726 331
772 208
396 406
659 382
163 485
509 934
502 781
635 783
337 704
484 228
316 527
14 908
381 663
19 579
330 481
65 710
524 732
446 333
619 429
506 440
90 315
240 356
154 60
543 172
484 535
801 307
36 219
241 688
478 390
503 95
251 942
70 316
20 459
595 495
721 306
500 550
728 780
358 123
931 292
163 910
836 541
762 641
63 169
526 836
339 282
505 467
784 253
713 951
274 445
239 317
369 889
352 159
184 470
704 873
747 262
732 517
201 330
473 811
515 396
973 718
575 805
19 642
657 706
801 421
215 149
162 3
129 263
827 872
277 135
544 732
543 518
964 156
640 916
230 642
469 198
919 203
551 392
592 882
442 495
370 64
667 250
260 572
530 133
931 673
35 372
94 651
167 702
635 933
500 645
124 166
951 339
611 67
112 582
31 602
660 252
241 396
591 787
482 475
856 9
620 34
384 249
43 758
808 913
93 47
368 45
296 879
789 229
304 773
505 319
749 409
713 840
160 580
275 827
147 110
609 815
59 647
6 569
134 87
725 208
8 870
69 412
988 792
592 38
863 690
427 677
707 932
980 447
310 598
959 543
937 683
520 871
980 113
394 450
927 572
396 623
243 684
950 759
18 620
699 142
395 839
264 810
523 822
545 431
434 179
473 500
326 950
80 645
454 520
906 959
270 574
153 184
400 835
755 4
277 3
850 199
133 217
579 466
651 961
891 452
753 475
491 204
113 836
557 407
28 541
340 980
145 148
736 492
698 287
864 523
538 350
4 217
23 794
104 731
619 89
697 528
242 889
224 724
317 255
678 855
850 779
639 317
164 552
436 277
774 874
331 931
249 320
585 388
755 226
331 749
787 484
532 903
742 758
763 863
894 167
979 826
217 444
809 653
204 654
685 248
572 937
366 636
970 85
826 676
385 615
147 28
461 308
361 45
839 110
754 847
29 229
178 198
400 340
504 653
536 811
144 355
740 11
230 562
841 495
125 745
381 863
611 318
523 628
29 589
212 136
677 892
164 897
338 729
581 358
51 529
360 597
625 610
611 979
577 711
668 77
337 752
391 189
268 655
662 88
684 512
388 530
301 819
46 493
433 834
567 853
287 600
643 166
937 895
686 630
84 535
793 57
703 538
444 354
407 878
545 467
302 463
910 725
141 713
110 55
922 420
8 355
687 984
674 383
567 829
877 314
368 257
165 537
277 516
297 222
631 847
213 423
953 157
937 315
133 875
905 213
66 203
467 130
107 64
252 738
598 204
684 465
522 29
34 492
638 737
767 125
54 404
455 332
437 961
369 907
320 241
504 910
569 588
52 680
755 522
239 80
163 628
368 407
41 825
224 614
260 23
5 943
725 906
154 932
265 164
62 777
660 27
878 854
960 175
284 906
263 614
385 877
751 971
771 306
224 234
206 302
333 670
60 159
691 564
818 148
529 260
967 430
2 412
649 605
866 95
727 760
795 530
153 83
279 104
797 373
39 746
486 249
942 442
342 775
572 301
3 561
482 466
7 948
193 85
711 311
684 966
406 878
635 49
448 389
46 736
730 938
860 204
418 91
755 619
202 297
816 106
908 960
69 7
951 489
275 888
557 935
303 675
769 486
698 501
475 321
789 794
369 265
792 702
376 325
659 978
693 707
913 888
566 610
386 687
188 359
298 483
440 772
599 761
503 115
13 844
349 417
476 151
163 507
871 965
486 727
107 341
326 44
58 966
38 175
77 651
138 529
452 484
315 497
279 239
263 572
873 709
250 365
792 75
533 883
809 288
296 312
5 336
799 539
191 174
230 298
202 806
988 911
348 628
898 419
833 842
408 502
634 326
799 735
431 977
175 955
698 987
558 855
210 81
446 331
285 108
487 703
915 781
535 422
721 603
920 949
705 788
532 349
691 297
618 779
529 9
551 667
956 643
335 61
927 739
89 931
594 13
117 975
480 661
212 565
582 161
127 241
757 842
222 528
245 721
357 823
665 132
795 327
647 315
137 438
981 541
985 13
364 625
660 966
811 50
282 246
767 594
146 898
773 242
624 459
460 179
797 886
836 908
894 452
74 502
97 482
794 629
751 325
835 470
193 823
412 618
74 89
41 349
21 676
531 505
709 790
823 505
612 454
633 498
428 688
751 326
292 643
918 587
705 733
444 414
315 297
142 287
914 729
457 770
520 544
64 39
482 778
851 952
943 948
623 851
792 522
497 260
208 108
43 752
889 445
818 67
35 800
592 770
549 301
494 731
742 55
29 227
233 434
452 289
156 309
901 612
60 196
427 606
962 626
979 592
708 114
283 530
533 155
433 510
217 569
786 314
753 226
797 190
865 467
773 442
81 292
884 339
408 652
565 243
895 604
364 353
20 131
628 922
538 576
8 715
151 728
649 793
798 722
506 180
808 801
704 236
29 247
432 820
665 247
611 216
198 83
560 48
135 544
724 854
881 709
766 564
550 309
570 546
718 364
884 679
240 16
583 90
900 595
898 411
32 327
983 372
768 774
516 54
107 292
272 383
330 627
645 44
974 882
595 123
762 674
601 864
532 69
825 360
238 919
931 314
954 246
154 53
248 328
835 918
485 838
880 706
365 245
164 843
515 165
440 243
667 443
188 971
482 191
744 402
527 480
412 726
110 652
128 491
898 214
95 535
122 659
966 36
108 367
550 295
920 305
392 714
173 368
564 10
68 150
712 328
179 44
359 539
438 892
371 395
26 441
724 851
16 68
36 143
455 173
112 541
274 772
9 464
64 773
11 891
637 88
33 903
441 426
152 605
814 304
838 458
594 179
243 99
194 549
840 570
123 918
243 483
291 687
771 172
240 714
77 216
206 633
269 28
111 452
24 598
81 603
874 168
451 377
345 926
758 228
381 862
958 470
745 413
673 744
339 921
854 135
730 145
608 606
91 681
737 830
554 924
392 760
106 775
286 212
713 328
749 559
384 689
645 313
811 122
685 455
79 391
615 337
528 569
450 453
476 946
212 42
498 898
744 481
154 669
709 519
531 581
550 505
499 567
336 115
726 416
788 662
481 113
546 791
834 102
52 198
89 628
473 431
148 164
231 954
658 175
628 833
931 338
633 224
887 640
968 347
822 223
473 572
516 86
718 299
630 601
668 753
63 594
399 43
863 630
480 223
907 57
709 290
713 653
988 505
67 638
584 233
640 933
436 870
37 630
976 883
315 124
733 159
246 227
138 40
654 767
966 774
381 318
150 302
228 87
674 89
895 872
75 19
827 118
629 782
443 986
425 571
450 447
730 928
431 902
221 65
222 938
832 607
454 174
380 344
820 852
198 121
435 345
129 956
132 66
104 409
803 25
396 673
823 561
442 531
849 768
696 508
745 695
143 468
489 452
930 738
329 882
555 633
165 674
810 681
369 921
120 947
9 763
157 317
820 216
915 913
273 190
818 589
776 945
888 440
446 915
285 964
89 873
769 927
694 755
853 129
529 609
183 288
274 662
48 690
69 547
680 728
421 561
724 190
372 843
359 350
269 50
839 543
738 795
728 115
396 781
520 266
849 436
759 67
63 630
356 598
381 642
806 623
988 582
76 707
592 364
582 595
7 570
982 172
902 649
297 480
471 98
769 719
482 568
766 903
285 805
859 320
868 837
268 845
966 322
349 697
777 787
986 443
953 639
900 625
812 363
816 129
962 160
545 819
158 976
344 609
151 548
759 307
872 760
766 910
342 634
972 659
487 919
313 864
795 36
28 397
270 61
628 986
419 738
938 414
97 345
185 861
615 748
486 415
429 740
945 606
340 510
416 242
590 256
4 675
701 771
740 149
796 76
547 56
379 87
948 311
397 23
661 918
774 700
557 143
979 581
856 398
578 689
272 729
847 720
481 532
981 282
750 371
345 69
56 400
258 129
706 86
546 409
677 531
422 392
313 656
500 138
963 887
51 4
582 657
918 7
106 540
621 288
841 455
569 714
755 764
238 784
276 248
439 604
353 848
389 423
154 732
495 357
85 942
822 920
719 256
557 571
389 532
563 377
928 261
231 561
252 922
517 296
494 843
651 523
357 976
584 758
441 64
932 104
778 65
283 232
337 38
512 584
588 706
276 313
296 535
461 270
192 814
562 485
764 342
51 229
566 147
896 326
533 740
257 809
723 663
153 291
707 900
142 383
773 233
774 234
669 11
580 45
191 790
859 421
642 47
97 670
554 879
670 832
31 41
897 923
716 121
976 891
423 254
488 392
779 518
690 169
433 208
364 488
909 879
43 638
211 767
669 734
29 649
303 405
169 977
647 113
218 302
258 319
781 603
484 685
693 227
553 95
22 577
4 385
260 222
744 164
301 727
912 549
676 163
236 871
803 573
45 956
674 345
985 226
126 438
511 481
259 600
973 833
776 131
939 689
693 865
107 201
54 297
20 42
884 519
888 578
151 122
651 351
692 81
969 263
679 373
701 285
258 786
902 540
604 231
558 27
943 895
784 924
914 531
2 121
238 526
24 406
133 604
463 474
305 8
982 834
415 520
149 887
774 223
61 725
796 360
28 820
786 649
732 333
936 432
899 196
810 425
315 448
795 849
581 950
503 454
143 657
303 92
866 198
519 215
80 607
364 777
383 969
31 656
187 984
736 363
460 676
420 153
790 8
849 716
922 176
320 424
284 51
359 404
331 80
752 48
666 189
762 105
393 567
731 715
860 416
721 667
177 560
759 722
558 502
909 173
886 177
955 717
340 833
438 396
69 470
251 415
306 469
697 951
878 55
737 31
936 697
703 136
103 653
108 710
382 395
312 835
168 72
865 390
850 169
560 468
564 113
506 505
197 798
518 93
539 437
977 298
858 607
180 583
914 179
635 280
221 78
477 228
540 454
617 295
305 51
841 65
83 63
649 508
387 533
706 672
679 693
422 5
540 494
527 116
34 50
830 720
248 364
284 909
12 87
892 889
343 402
897 469
832 916
668 93
335 195
796 631
104 245
839 228
416 710
695 661
633 693
244 15
27 393
891 765
251 672
839 302
235 113
883 829
55 572
702 553
724 459
546 608
164 629
570 720
829 954
99 782
331 897
193 566
33 652
325 17
589 399
865 561
207 422
181 271
356 664
756 224
362 739
662 574
167 974
166 850
500 451
743 76
307 357
608 817
165 308
95 386
208 729
559 590
662 254
319 96
894 91
972 283
885 444
685 559
118 848
869 301
640 464
34 867
517 886
723 318
808 310
791 78
745 925
961 840
413 536
697 950
83 924
979 851
230 797
506 29
518 57
222 778
116 198
299 501
817 624
641 532
435 639
457 320
922 698
245 778
778 365
815 181
446 503
488 575
414 593
145 566
852 753
949 186
876 459
381 456
327 65
384 846
404 257
478 264
940 339
282 578
336 599
382 388
792 221
436 463
958 742
136 984
851 822
784 686
486 17
914 289
110 278
312 329
20 122
20 439
489 156
142 70
626 477
38 610
296 554
118 778
290 946
503 836
440 551
368 4
186 23
541 309
690 26
61 702
100 335
299 967
375 5
786 697
949 795
14 915
808 299
975 508
796 431
463 264
853 357
876 535
434 574
733 186
419 35
695 472
285 20
552 191
527 180
351 665
483 752
232 304
33 894
896 225
678 676
681 801
22 180
426 839
279 22
959 656
693 510
861 898
239 457
629 209
278 234
794 627
625 455
700 503
68 791
667 557
262 852
264 642
984 354
412 923
205 896
702 326
243 40
814 234
588 345
771 286
684 127
172 467
335 745
156 237
163 101
184 74
695 433
469 638
20 841
37 661
60 480
315 962
194 708
122 153
624 747
716 833
682 906
158 23
867 532
777 297
965 429
399 292
838 904
784 95
343 203
96 71
135 240
413 57
16 888
31 887
662 131
646 73
666 615
303 754
427 133
810 66
222 456
368 667
748 211
761 2
51 21
967 916
925 483
475 91
55 778
774 678
650 301
465 734
595 80
697 449
642 921
536 396
681 722
439 685
595 116
908 733
286 666
783 610
860 477
939 413
160 799
89 533
769 192
226 390
941 909
266 561
254 456
492 307
330 540
717 166
707 710
539 79
981 785
231 349
250 627
436 813
678 735
686 601
602 457
141 134
627 206
592 175
848 500
646 59
687 848
814 840
697 241
702 809
775 600
776 927
430 346
158 63
948 275
645 177
971 824
627 181
115 510
552 210
262 452
10 549
959 701
322 594
640 217
803 842
114 186
576 294
462 15
153 574
953 247
153 849
190 206
726 268
453 916
812 137
238 527
294 813
813 851
885 945
395 710
344 595
299 790
768 901
515 870
695 801
258 891
978 385
156 434
735 133
883 260
151 277
560 732
29 23
321 937
124 672
33 42
773 190
506 864
983 214
159 847
770 74
202 664
113 691
797 803
579 711
619 473
485 194
821 654
91 119
152 934
156 118
836 315
765 566
634 428
525 11
28 978
875 74
416 149
109 504
410 99
148 159
327 878
262 99
581 244
86 40
603 254
236 74
312 981
185 141
886 52
942 266
103 193
216 369
566 401
198 10
881 574
291 459
874 37
109 327
429 160
797 280
659 820
197 797
694 666
639 186
605 651
878 641
515 457
899 796
37 821
496 596
967 878
184 604
771 736
317 715
156 642
527 451
950 971
365 169
663 376
830 13
635 512
160 399
169 685
363 392
984 307
369 500
756 704
868 922
671 34
369 925
856 827
308 113
555 525
937 218
423 687
384 870
672 590
584 672
271 801
714 329
981 370
933 932
224 633
554 965
675 825
940 604
522 3
188 710
651 166
166 968
391 276
302 476
527 600
53 187
556 806
632 143
788 949
800 197
486 109
220 710
111 474
562 140
943 640
288 973
118 381
928 969
766 626
949 216
351 940
686 324
373 156
925 95
216 559
967 964
574 894
774 283
150 220
446 461
158 12
593 288
169 483
192 12
980 839
783 71
113 688
242 20
357 464
442 447
61 407
921 983
966 591
236 22
585 826
419 486
51 817
341 130
472 847
860 373
112 155
641 35
627 780
939 760
906 544
429 810
785 936
271 941
442 922
918 652
8 96
445 618
11 598
584 947
186 13
243 395
647 802
308 6
45 310
348 165
29 28
765 861
509 937
206 262
83 642
549 316
308 561
41 88
630 244
466 226
286 692
56 388
663 238
666 318
223 120
522 84
501 326
267 108
327 820
151 689
323 606
432 188
198 185
755 579
3 368
645 705
243 202
156 234
157 731
784 107
72 813
609 26
936 822
42 710
268 54
380 635
913 983
290 280
400 755
661 690
42 361
667 224
280 286
869 837
445 39
449 377
636 715
254 791
718 134
166 195
189 34
524 830
656 142
88 907
694 736
76 949
129 245
298 708
425 980
173 931
687 916
855 488
923 522
947 686
275 332
519 81
107 714
843 267
648 673
405 422
31 461
6 172
310 577
151 711
975 849
600 179
613 4
585 750
415 553
738 257
117 265
482 438
550 431
398 904
976 753
686 144
264 23
580 72
507 460
659 443
813 680
154 912
122 166
194 379
885 891
96 724
596 386
742 368
695 367
583 718
808 716
423 114
899 208
807 577
696 438
441 508
246 407
322 447
717 614
758 807
481 201
201 322
70 293
572 498
349 887
869 166
961 141
299 802
875 918
107 221
262 346
2 837
675 560
126 769
810 22
968 855
675 324
848 796
44 601
528 833
589 9
2 686
741 840
603 891
245 633
848 28
833 805
98 589
526 351
342 671
625 273
381 688
497 709
829 135
60 235
634 730
943 340
109 956
127 108
497 598
259 371
795 837
249 553
638 13
927 545
515 492
366 389
867 879
116 831
503 52
251 71
34 246
142 335
59 326
442 685
281 92
76 462
31 136
143 500
662 753
21 162
500 266
616 595
157 109
714 192
956 5
281 808
867 889
501 309
726 950
105 808
550 224
526 885
409 537
830 666
405 805
188 667
910 375
551 67
717 738
295 250
541 404
249 729
128 485
646 124
49 719
