1000 4997
49 146
85 78
252 937
118 765
737 826
461 378
369 448
333 218
85 344
814 166
627 544
66 726
603 75
552 113
882 474
459 211
663 562
426 479
65 419
873 398
523 478
846 895
812 361
531 468
453 722
827 723
628 299
994 567
683 535
373 533
652 803
35 848
573 9
912 878
964 703
640 285
808 228
536 862
573 60
797 373
186 859
540 299
742 486
887 668
85 87
69 690
584 618
642 375
733 225
401 120
976 880
511 184
645 149
259 358
627 439
503 848
945 270
357 360
638 38
875 656
751 269
762 509
257 503
702 707
34 961
557 68
677 648
743 519
447 529
857 896
250 990
822 743
770 537
113 77
77 95
722 685
3 851
925 412
357 447
295 382
768 559
670 935
809 739
934 927
641 648
293 111
275 361
463 598
124 576
489 664
436 580
532 401
825 393
442 408
977 296
208 48
265 15
446 643
654 100
875 649
56 591
68 190
181 606
613 277
6 205
309 897
977 737
906 928
665 884
641 703
914 653
349 296
132 200
960 398
135 742
928 273
67 523
945 692
948 615
894 810
237 914
278 697
147 781
665 162
774 524
187 162
133 855
522 707
373 685
483 494
49 133
602 437
91 245
449 862
631 34
760 516
464 449
399 742
959 173
503 794
642 504
954 684
477 816
669 690
394 615
753 894
234 870
914 315
776 547
274 209
789 477
721 949
538 741
306 44
572 963
475 386
818 991
156 666
195 26
267 953
159 478
680 772
610 528
494 10
556 1
651 508
117 512
428 71
545 187
639 655
929 708
804 976
87 564
214 827
60 891
668 909
812 887
444 697
212 942
840 900
620 578
894 417
78 498
329 846
426 459
572 459
537 18
738 360
756 639
831 773
529 157
425 585
872 84
708 45
557 311
178 307
452 918
974 628
469 762
775 480
726 302
774 623
801 704
425 332
79 209
706 688
671 328
399 386
654 709
306 2
948 629
879 53
954 177
721 386
809 930
906 654
450 834
138 161
360 81
747 879
444 856
474 652
365 299
721 72
648 96
244 889
922 436
908 162
665 147
599 43
251 921
706 462
362 857
605 437
19 65
220 226
476 559
251 527
521 702
222 912
462 163
615 939
597 684
806 542
857 117
454 937
13 852
899 342
920 60
206 164
613 812
789 283
29 299
530 272
676 939
604 200
427 259
465 717
107 781
116 526
118 830
411 919
122 309
174 402
142 789
380 139
823 401
381 446
94 681
916 980
573 202
925 508
79 897
631 628
155 551
318 81
1000 8
711 554
857 559
89 482
628 796
308 644
3 261
593 594
941 183
155 724
791 490
138 113
799 297
213 769
469 503
657 868
369 229
644 973
386 973
580 963
227 407
464 793
377 430
780 535
286 690
893 250
786 362
117 494
227 481
473 285
776 865
3 384
428 966
565 840
927 593
452 749
87 707
951 878
551 805
274 476
572 731
604 538
61 569
867 506
507 15
923 316
201 888
49 932
11 109
195 216
820 826
105 992
260 382
92 990
881 316
845 707
437 374
555 63
424 384
839 753
219 714
210 625
230 628
764 111
48 807
713 484
820 518
370 564
901 104
631 249
964 861
891 667
468 771
820 88
677 934
677 497
309 695
680 309
852 905
112 695
645 558
918 644
904 83
106 376
508 569
308 537
541 594
838 17
821 455
823 487
879 762
920 371
150 119
99 739
43 542
828 834
64 953
121 133
214 623
487 921
479 971
502 732
455 880
68 882
559 104
101 604
222 640
121 681
282 748
126 923
785 776
329 763
606 815
55 746
656 326
60 637
966 863
886 945
151 93
427 700
285 732
959 762
945 63
303 774
452 588
553 676
937 690
224 1000
812 374
597 605
264 249
11 10
578 533
126 885
56 657
49 220
845 506
663 87
578 874
278 51
709 646
724 103
373 383
615 528
483 429
713 261
113 625
257 319
573 753
975 653
407 400
341 863
320 47
514 156
875 351
822 890
35 532
642 65
39 222
775 997
480 490
740 515
852 197
299 847
948 27
368 528
949 299
774 38
23 156
887 22
745 751
84 481
726 912
429 368
374 88
27 834
669 830
400 949
640 631
476 667
404 82
405 332
873 363
465 36
404 795
836 61
433 933
175 438
466 654
141 322
396 974
220 221
421 391
757 482
298 25
399 740
943 6
730 715
32 874
870 847
254 36
401 272
420 564
521 921
611 174
79 844
813 481
941 44
230 314
640 751
380 587
948 226
749 708
470 378
394 580
476 739
593 194
404 234
631 117
426 187
582 433
743 82
531 756
474 370
212 861
755 689
223 296
451 326
480 719
98 882
923 847
871 909
394 432
285 704
839 25
201 669
555 897
974 430
315 72
977 845
266 41
837 67
602 655
144 875
198 50
327 399
633 333
497 714
204 615
944 120
541 245
464 695
447 684
577 122
654 321
341 31
234 187
858 953
531 502
932 312
468 139
68 603
383 542
224 546
248 318
221 885
97 398
179 477
273 96
92 188
221 682
167 690
149 163
282 990
121 974
910 212
125 623
448 378
917 174
991 934
745 979
944 874
357 283
139 712
502 300
858 861
892 636
903 542
822 229
24 226
348 706
427 664
834 803
822 148
914 397
988 644
457 897
890 816
904 686
597 215
850 493
377 364
945 639
565 361
622 890
551 688
327 170
607 884
313 245
208 360
99 881
334 311
833 33
977 384
278 655
420 397
529 296
831 661
430 703
895 498
456 972
682 947
80 861
257 283
831 858
261 307
554 807
389 660
708 569
465 292
841 511
930 495
436 815
756 187
535 644
426 261
246 898
770 953
799 562
123 559
53 34
755 302
181 712
627 453
165 782
274 127
846 865
833 582
941 48
46 3
212 41
625 543
529 558
13 692
469 760
532 48
291 296
455 366
789 455
635 949
546 299
231 455
14 972
337 317
792 332
685 361
616 112
464 269
743 744
667 491
33 309
822 857
70 423
424 849
330 103
756 820
946 537
208 770
64 7
194 695
182 587
106 910
893 162
740 443
860 794
455 470
901 930
831 545
831 252
959 966
728 989
432 28
488 791
277 283
471 765
348 291
105 848
334 517
170 725
27 100
564 787
781 307
488 166
360 763
306 458
824 245
733 453
101 747
442 676
55 676
834 617
799 735
121 293
709 108
431 917
142 600
142 909
277 797
769 933
475 362
294 439
849 44
353 650
173 777
812 889
292 506
871 200
229 709
35 888
469 537
951 741
76 686
755 134
421 75
295 396
476 697
353 48
485 811
64 397
561 961
728 932
431 38
118 882
54 744
793 870
843 437
459 793
645 511
444 23
244 379
545 777
541 806
105 622
417 247
278 796
789 578
404 958
79 283
737 881
364 884
191 826
360 956
641 874
824 566
389 721
416 497
60 549
743 495
601 644
85 539
945 522
879 304
394 685
180 359
608 460
139 305
646 34
780 112
705 937
232 806
220 952
214 575
613 172
294 147
842 997
831 357
59 155
421 617
819 216
665 848
968 355
341 680
820 192
585 266
396 927
915 633
148 971
992 223
22 508
300 681
943 684
599 356
927 427
431 470
144 984
731 340
97 688
171 54
615 100
506 587
107 661
52 937
950 865
679 285
58 435
170 226
705 930
68 856
321 953
838 646
635 556
531 807
470 81
825 659
454 255
369 8
348 963
130 10
991 635
501 176
46 398
838 273
270 631
255 481
256 1
682 232
422 658
318 885
906 522
227 640
407 587
914 482
123 44
124 406
37 416
397 283
589 689
899 60
370 617
370 50
405 529
135 630
504 693
584 452
395 400
452 650
839 782
468 692
469 720
94 693
130 402
244 703
150 410
207 96
890 361
377 999
212 349
488 702
858 158
894 349
964 712
213 218
261 829
979 104
482 528
102 201
67 81
766 288
713 276
469 475
932 402
604 90
975 587
262 409
393 75
66 172
249 307
445 763
845 75
955 64
343 228
828 895
265 259
407 778
29 926
481 680
736 219
109 336
899 786
728 296
938 923
973 752
620 903
671 8
800 104
140 675
910 702
914 160
71 558
554 382
827 507
738 361
584 448
705 45
426 13
386 498
873 956
221 69
713 258
180 711
622 666
218 363
473 993
257 732
274 83
332 471
171 569
652 950
444 595
601 810
564 218
505 619
948 57
621 924
952 625
936 341
771 938
68 952
39 871
225 356
724 477
671 566
374 266
179 928
381 420
219 265
221 634
756 27
917 533
831 6
337 243
601 529
512 884
568 507
70 202
291 628
952 794
755 622
256 34
330 367
294 889
602 362
754 481
837 785
328 93
175 517
801 958
56 9
340 493
148 503
701 18
121 372
171 574
443 181
745 898
320 88
407 598
835 481
942 440
234 559
768 422
913 88
516 153
722 863
756 869
902 12
755 69
926 888
799 522
915 883
547 184
797 805
163 364
626 313
201 500
603 679
937 162
297 838
167 38
184 284
832 77
226 468
580 763
472 966
799 411
784 539
505 283
602 875
180 550
346 330
151 792
64 344
827 834
475 317
369 110
282 792
687 310
928 672
682 632
214 792
428 898
319 803
151 872
310 495
144 290
759 611
133 244
173 967
155 139
211 342
431 580
910 468
622 994
35 4
476 792
659 364
256 922
114 653
582 666
723 499
447 836
852 184
142 696
507 966
145 258
37 847
332 30
25 355
9 664
265 83
11 108
285 325
910 701
17 562
219 628
642 774
991 393
48 388
959 623
206 888
89 160
899 240
295 630
332 508
902 111
55 358
851 629
604 286
399 564
757 296
647 313
915 700
85 383
449 358
706 28
857 655
676 711
550 209
590 840
442 335
775 515
798 34
889 30
584 374
602 893
566 314
778 933
317 199
627 312
990 508
903 784
334 320
616 198
531 709
13 202
507 323
431 992
663 713
972 481
114 300
811 478
315 600
164 281
262 522
874 236
674 970
215 436
768 70
449 782
110 143
401 549
520 316
660 853
189 773
36 72
76 575
653 576
564 45
197 414
801 512
219 174
79 251
592 777
274 59
740 145
957 373
226 481
735 704
945 792
35 646
452 312
511 638
20 932
697 163
116 845
852 666
975 503
66 192
913 245
633 355
513 720
585 527
753 830
737 657
934 432
397 131
225 296
39 349
559 72
100 790
851 950
429 787
451 314
179 788
517 958
793 528
270 980
408 562
225 844
13 481
948 21
213 517
429 164
891 537
144 907
141 699
642 311
257 42
636 451
630 284
903 11
62 313
282 390
330 956
820 731
988 292
954 33
696 405
740 111
764 816
246 783
541 437
245 159
283 528
584 62
711 414
170 430
396 273
530 952
98 723
515 286
991 190
774 289
171 486
736 778
688 529
102 690
784 234
444 176
307 157
197 961
823 11
842 845
424 355
222 861
100 87
858 123
546 995
356 630
179 36
747 501
651 4
462 904
144 19
443 211
936 15
458 162
596 57
64 474
409 708
636 464
780 973
929 397
513 258
804 625
993 392
366 763
627 271
982 690
539 228
453 104
407 108
245 307
858 565
586 265
380 984
825 829
237 12
903 652
427 674
959 837
691 804
669 361
504 495
162 980
647 770
507 689
306 721
662 861
728 406
167 732
424 326
701 307
978 734
5 994
854 289
941 512
945 581
886 96
584 984
731 84
217 145
642 882
146 239
42 739
403 113
577 53
207 490
866 644
779 55
671 662
840 402
109 921
180 69
682 694
373 176
60 216
189 497
462 569
457 771
449 569
515 47
982 763
380 554
434 5
56 901
802 83
650 622
978 403
94 511
779 633
581 507
29 942
670 836
395 946
105 659
767 448
913 516
918 440
845 961
223 829
645 522
331 939
499 61
125 51
307 765
745 563
947 523
515 607
109 860
208 961
460 197
59 805
226 559
662 999
762 307
136 427
138 969
106 738
583 451
390 74
623 216
864 271
721 344
347 920
791 875
6 127
733 412
725 680
156 674
858 805
688 560
958 92
641 713
733 99
456 17
497 782
801 467
957 432
423 937
100 509
849 2
943 342
711 719
231 890
859 693
456 790
753 96
515 321
311 648
534 528
520 788
335 125
175 484
733 930
824 715
624 216
358 406
92 326
626 321
159 884
611 495
443 609
79 120
835 390
444 459
837 172
766 258
250 963
282 476
697 538
294 260
280 172
136 145
743 619
450 356
163 995
768 897
698 917
133 183
148 889
167 634
900 296
424 225
298 816
561 427
754 36
49 769
356 411
457 642
180 967
548 588
932 153
656 972
476 704
898 655
367 403
614 986
762 793
428 245
451 601
268 1
677 709
968 983
747 199
335 484
680 406
37 460
129 635
974 935
756 542
308 190
886 371
246 676
997 340
525 562
285 269
232 70
911 659
831 33
74 438
130 827
684 727
114 490
613 329
903 302
958 794
781 760
306 684
79 880
911 414
106 164
128 946
93 363
611 319
849 600
585 853
135 522
82 658
798 403
777 734
912 760
659 811
589 534
286 610
370 460
23 177
599 194
410 611
85 61
280 846
273 760
553 267
606 543
936 551
46 84
24 481
129 10
755 616
463 577
465 686
249 316
122 50
69 489
123 794
179 540
346 276
864 326
517 166
130 685
101 984
301 81
982 82
269 477
142 917
589 201
972 727
29 511
3 4
518 869
988 964
358 190
375 709
764 849
446 832
747 318
927 905
324 5
822 268
554 243
456 704
54 495
755 142
154 662
722 445
375 773
263 625
855 332
394 480
965 284
270 706
822 447
552 122
720 166
313 715
631 400
206 912
27 117
446 468
429 4
565 509
52 672
625 162
293 505
720 923
619 673
917 202
596 872
945 918
372 559
295 41
448 93
672 930
512 951
755 419
130 956
899 54
170 936
545 14
833 688
224 740
155 247
291 155
943 161
712 862
505 960
416 304
86 677
698 785
553 191
330 855
702 889
794 364
466 844
963 930
68 444
118 951
185 356
89 388
966 614
825 69
510 887
461 476
295 274
58 556
225 562
390 723
960 760
425 181
128 93
295 596
37 213
479 582
632 680
118 503
891 218
908 493
106 592
193 205
821 375
453 851
365 166
774 953
740 438
114 1000
339 848
981 487
802 388
306 225
443 953
182 564
473 688
992 896
148 313
385 588
23 273
904 1
98 840
246 474
581 941
729 44
947 997
717 161
756 408
790 166
114 447
901 481
869 317
925 979
102 691
454 6
845 260
630 570
166 863
163 491
1000 307
602 11
172 787
396 139
469 587
750 131
733 89
861 388
866 337
935 625
223 1
99 15
724 471
497 283
308 551
68 232
909 526
896 814
852 472
879 159
844 467
270 200
350 587
59 999
740 247
595 153
997 853
620 298
140 23
380 825
864 321
784 5
59 20
59 161
663 592
808 999
79 34
636 242
801 942
410 317
565 674
729 537
909 752
768 972
823 163
625 664
86 866
518 950
354 376
136 752
943 207
711 340
129 951
193 940
426 646
631 712
944 471
288 402
357 313
394 309
419 905
294 925
463 287
329 575
105 148
39 680
775 535
338 144
246 611
246 468
525 44
819 188
624 751
472 17
964 241
610 734
663 418
425 298
373 612
65 851
229 53
671 162
384 533
531 938
975 257
47 36
925 281
225 259
208 837
173 973
742 893
997 857
121 773
231 358
417 727
501 228
180 171
988 104
293 953
257 8
410 158
773 629
886 989
541 233
355 752
227 519
161 159
29 474
268 629
657 484
126 283
98 711
842 958
801 412
611 877
480 302
423 710
561 542
925 85
653 112
584 180
195 296
711 115
733 386
225 765
937 50
764 593
744 15
781 321
822 368
395 356
400 522
536 720
573 853
852 765
486 491
173 92
86 189
285 336
624 462
721 783
677 204
22 418
231 884
831 166
137 963
616 685
121 17
374 685
473 388
360 65
380 727
308 286
333 529
670 8
959 658
243 409
86 545
748 860
657 366
966 305
291 419
898 445
226 607
518 455
928 960
832 271
585 477
173 633
403 120
586 469
450 993
306 90
132 869
52 924
609 713
723 536
976 409
542 562
872 261
463 271
753 588
623 487
699 704
531 626
362 926
841 526
823 994
91 622
169 973
28 953
974 708
352 339
593 875
903 568
961 388
635 109
66 375
502 36
545 648
141 253
786 41
143 233
431 215
530 355
381 669
735 661
578 785
740 288
408 9
778 965
466 438
416 672
711 538
624 841
92 983
274 155
148 542
886 288
749 197
479 539
840 200
906 923
63 279
66 25
891 805
70 445
395 153
324 961
970 188
549 406
493 363
582 921
791 958
604 307
98 467
464 143
869 16
817 581
463 276
620 326
393 316
861 236
467 598
795 787
262 448
610 973
51 617
404 681
576 432
645 992
150 454
192 734
465 400
230 826
545 862
447 223
784 268
415 924
201 512
589 98
256 166
927 960
471 81
651 252
318 72
94 275
818 218
395 672
209 618
505 864
730 998
753 281
608 63
269 42
224 131
151 345
140 489
282 882
246 163
466 909
892 164
267 836
252 158
253 776
400 862
220 700
211 50
810 793
412 630
743 787
872 371
389 719
66 131
605 814
270 468
768 387
557 635
590 808
369 303
925 71
222 684
240 120
337 326
49 892
708 673
531 753
949 2
327 807
286 760
351 516
242 765
334 879
150 584
858 580
636 474
336 972
965 477
987 758
5 734
205 88
499 989
210 600
708 113
925 533
340 43
46 824
969 842
624 411
932 428
440 994
375 983
531 563
334 521
295 249
447 124
231 131
450 893
613 793
352 819
132 424
3 980
260 571
615 164
374 196
376 803
395 475
397 1000
395 155
809 769
868 93
725 564
545 406
546 212
124 752
565 406
531 871
647 341
843 625
185 697
383 881
421 985
141 346
997 570
9 516
817 343
374 939
565 657
24 804
617 658
380 999
180 805
56 52
555 487
99 177
106 870
243 646
597 22
7 876
653 367
838 480
786 250
823 3
130 630
754 723
488 22
489 509
264 859
180 99
447 319
263 994
982 286
86 323
339 806
608 85
642 700
647 230
170 742
722 955
323 482
691 965
999 4
654 44
116 108
915 674
201 644
936 305
21 247
750 432
959 289
262 19
190 588
91 846
396 251
948 440
639 147
244 145
874 938
438 143
296 490
350 829
405 62
576 720
101 820
926 752
585 50
614 695
171 217
608 901
366 989
735 188
702 290
861 632
127 328
759 968
297 286
96 376
474 592
585 672
399 385
454 355
458 536
150 40
133 507
506 851
466 725
804 646
696 361
998 792
455 181
274 780
594 921
454 875
335 991
121 949
944 680
675 917
431 316
531 994
687 330
937 772
866 495
294 702
114 853
634 44
869 712
690 202
890 623
585 992
86 226
731 52
380 94
254 277
227 783
899 106
701 970
150 485
979 216
997 217
256 864
798 607
233 81
175 786
64 409
749 574
589 63
789 18
701 368
386 218
899 874
596 87
227 281
245 986
356 166
907 574
635 199
251 88
801 909
768 787
740 264
471 40
718 27
295 691
740 601
327 57
632 830
156 205
357 385
584 91
394 949
969 870
179 702
399 753
312 382
974 650
294 71
866 604
522 145
517 210
67 874
180 808
182 944
237 753
536 962
556 363
387 176
831 547
262 815
656 939
929 98
892 850
622 209
796 524
395 926
113 266
370 664
12 736
910 738
116 766
946 340
374 83
633 562
621 359
621 832
76 92
189 283
104 301
767 361
345 594
363 95
589 644
553 35
274 708
222 349
721 418
335 477
525 787
711 700
231 875
362 285
750 290
557 628
476 261
666 952
519 366
479 701
479 776
261 197
954 527
404 27
534 143
799 14
454 340
536 131
627 953
377 604
903 970
800 946
250 108
745 337
514 615
271 726
860 708
240 906
350 451
724 340
123 826
437 778
627 800
380 591
264 234
589 701
682 570
681 562
62 769
613 194
557 821
635 630
463 145
178 382
235 665
506 507
416 314
161 684
237 739
474 695
879 131
682 6
518 95
395 250
698 80
500 494
100 122
800 656
193 550
413 749
910 725
396 509
931 135
697 8
500 528
293 765
827 804
890 540
633 573
633 112
629 567
262 103
724 598
818 226
892 554
548 388
437 702
97 776
124 388
238 402
474 22
906 90
253 816
198 14
257 632
310 994
133 805
277 629
221 673
498 527
178 483
579 45
946 571
105 316
288 177
770 717
628 614
210 269
538 266
900 661
262 784
319 961
178 864
242 558
128 634
626 352
627 903
702 258
647 850
799 763
49 472
747 596
783 434
253 387
723 587
589 361
624 284
336 986
98 58
841 543
861 432
58 486
545 54
860 591
505 36
335 16
306 997
691 777
916 587
828 309
955 935
460 772
245 42
779 411
708 216
821 758
451 250
877 703
732 153
255 14
880 199
261 938
11 703
160 664
26 897
60 950
536 152
437 970
918 925
613 283
320 903
855 195
448 61
393 217
374 407
985 279
820 269
841 77
894 961
400 773
810 919
627 710
501 243
297 643
463 105
135 167
924 355
102 739
110 378
204 387
662 683
820 434
149 588
294 922
865 388
957 485
997 158
601 669
29 924
854 162
303 152
472 551
269 995
453 70
163 183
256 312
701 309
383 863
813 177
409 160
135 69
446 127
504 226
892 27
605 857
531 823
731 578
146 363
844 1000
22 995
540 703
631 933
814 741
653 206
577 939
627 797
71 370
383 172
430 179
220 783
259 681
573 834
461 861
852 969
29 996
505 617
566 53
107 749
821 750
753 165
795 57
347 692
55 26
168 631
848 708
479 964
339 494
512 524
125 385
706 228
550 824
457 607
43 402
777 883
889 9
169 426
602 248
488 867
656 816
616 190
262 733
952 487
349 417
19 890
916 24
59 876
801 648
27 493
997 942
510 643
140 337
105 900
17 727
125 558
146 552
454 113
438 223
213 549
277 536
45 588
31 681
118 631
854 77
126 995
750 804
641 304
390 54
565 937
916 608
573 513
920 840
858 422
206 319
720 790
215 280
343 287
310 339
479 647
37 441
100 5
541 873
428 199
615 340
585 777
982 773
915 559
964 364
535 704
536 674
39 561
140 332
248 576
179 777
428 342
764 83
105 221
747 560
841 96
821 591
589 706
182 312
917 896
917 315
220 797
993 533
442 157
499 625
226 139
462 216
173 400
379 714
730 222
307 131
164 536
991 288
725 509
827 34
385 574
264 697
924 50
410 558
410 923
711 218
507 984
385 158
110 569
553 131
55 456
475 691
646 693
244 669
443 999
942 15
780 414
66 857
415 574
736 418
241 527
424 387
443 84
544 719
21 145
64 100
393 245
413 628
312 573
930 865
74 562
366 588
357 575
900 345
846 576
906 727
446 370
584 410
214 309
107 141
324 669
754 697
94 783
147 819
47 848
650 109
262 153
780 851
447 95
858 200
823 538
700 544
754 211
483 863
189 634
443 419
246 629
227 901
198 753
835 527
964 7
584 781
52 182
902 43
257 245
20 927
974 999
525 567
722 209
540 72
852 842
821 785
69 853
395 206
864 912
215 699
736 739
766 566
757 851
960 566
443 218
64 661
597 565
764 811
505 466
169 797
907 883
126 418
641 206
212 814
568 824
280 941
6 440
462 526
603 681
512 93
345 316
933 643
627 402
180 84
224 277
312 225
408 999
638 876
170 839
707 919
728 304
194 43
86 560
583 914
472 494
515 754
23 869
438 711
311 591
129 700
541 392
242 287
852 665
119 973
320 34
581 200
565 654
340 548
380 543
380 940
713 814
473 17
682 618
826 535
977 622
59 761
405 34
298 172
779 918
800 934
584 392
531 555
628 236
985 901
770 847
474 48
287 17
918 661
831 220
256 577
653 631
721 242
321 569
140 91
910 94
409 860
436 417
437 477
226 558
576 588
634 188
916 933
722 637
222 570
746 218
229 448
265 543
785 283
624 269
638 345
256 385
520 3
496 912
775 640
959 306
621 975
964 593
529 376
749 304
29 645
1 658
352 752
828 270
596 680
151 108
488 446
138 227
108 258
768 411
310 120
538 919
312 724
170 365
542 951
959 943
263 82
447 305
621 647
395 791
59 417
291 691
608 95
797 153
169 878
331 761
425 486
557 896
22 344
935 61
859 990
859 846
248 174
255 900
598 233
700 233
556 166
577 47
541 65
944 699
395 558
43 909
239 815
916 667
747 635
422 723
79 900
670 398
180 941
197 487
215 904
948 926
572 213
954 776
223 763
740 374
812 939
705 330
339 567
856 331
990 247
255 331
515 482
348 996
60 830
938 849
627 949
561 96
524 364
48 61
36 901
68 507
776 449
56 536
553 446
590 981
538 199
354 773
723 65
687 624
579 155
691 629
357 414
840 814
927 774
641 771
277 784
625 284
718 787
691 836
205 218
595 942
745 855
297 50
823 83
653 359
105 350
930 153
864 104
20 145
97 383
632 862
524 847
744 888
504 765
601 145
910 51
823 477
950 719
347 877
496 97
204 946
595 290
80 608
201 341
391 585
142 328
642 433
110 342
256 33
437 345
370 758
867 195
687 633
227 352
122 989
764 412
413 554
968 244
801 170
572 372
627 652
42 673
352 478
336 398
942 937
945 398
532 630
213 942
841 333
215 926
524 883
842 868
164 926
824 629
224 910
904 10
140 87
867 884
465 500
375 617
357 174
925 769
140 127
616 724
515 302
109 851
469 682
240 723
612 596
693 284
347 110
329 881
743 163
370 516
813 847
213 853
749 387
913 714
358 90
185 134
420 302
367 545
6 547
653 990
100 761
211 419
447 2
983 513
734 884
141 500
161 875
914 363
158 793
556 34
24 179
207 685
408 349
889 388
232 286
799 548
728 614
235 732
74 793
493 209
494 218
306 929
208 79
616 273
891 905
907 876
340 302
505 924
415 759
307 104
687 300
436 87
114 462
754 387
204 27
903 972
685 921
647 870
227 980
252 519
51 965
160 145
675 159
693 815
736 805
850 913
791 42
275 269
310 683
42 512
24 11
291 757
586 991
135 834
227 805
672 481
174 284
857 368
13 23
622 48
969 244
201 322
838 591
520 352
270 724
250 869
831 730
45 81
138 142
891 580
250 73
181 865
641 330
821 947
826 371
733 919
991 737
910 797
833 152
479 978
320 373
132 339
84 963
843 935
639 612
32 622
479 889
843 732
494 249
405 646
408 984
960 261
172 560
11 260
506 877
107 371
381 742
58 792
691 897
846 95
397 803
447 48
51 891
430 909
253 822
676 570
348 673
657 836
352 895
208 174
210 702
374 128
174 989
925 941
358 548
338 238
751 408
468 708
833 658
894 588
494 228
866 917
624 94
238 824
428 229
902 283
139 9
246 354
606 382
58 749
718 194
977 324
775 9
959 139
686 849
230 594
670 655
842 700
160 542
913 701
477 939
520 617
832 326
154 414
882 769
447 610
138 634
512 905
346 761
681 570
168 387
420 538
677 84
282 609
304 574
886 352
360 96
929 718
575 486
237 731
914 944
58 517
387 921
404 617
702 432
777 644
759 673
940 509
464 462
999 432
817 187
589 560
674 177
140 680
404 701
952 467
802 202
506 165
39 524
46 382
488 339
670 317
582 67
628 149
964 983
667 241
967 432
724 635
219 30
348 512
898 591
867 860
974 482
151 632
959 330
291 979
928 758
858 782
33 470
74 417
70 61
180 216
757 123
365 751
665 281
280 836
173 881
540 548
608 935
602 433
197 202
127 53
916 398
681 588
350 582
168 537
776 78
838 122
906 164
657 829
659 689
52 769
405 659
430 628
511 593
37 494
755 271
132 300
776 530
833 28
682 176
525 563
835 698
893 719
638 632
969 716
243 387
808 761
457 891
237 37
631 860
380 71
377 710
789 692
231 370
175 737
568 153
894 849
146 582
861 690
348 654
212 736
169 178
132 66
723 481
501 365
728 20
854 163
959 656
910 113
768 672
116 803
843 958
203 904
789 641
42 973
841 623
668 905
425 105
425 572
394 781
772 44
437 172
208 780
809 326
21 429
648 15
813 939
844 196
105 244
51 413
621 826
604 567
932 593
240 482
168 489
279 559
759 77
455 896
913 159
452 33
414 760
976 970
348 645
864 982
42 805
461 813
795 462
334 153
706 575
856 806
71 219
801 302
823 67
221 631
113 342
21 752
795 709
578 719
295 9
798 984
653 445
451 120
342 131
586 997
329 891
198 286
747 302
592 260
698 574
74 997
559 938
856 580
122 95
748 562
251 10
281 715
681 567
3 401
60 153
98 452
315 566
250 909
687 108
542 364
491 153
267 939
707 562
677 6
254 148
271 286
175 313
977 66
540 258
375 672
410 548
307 42
56 640
225 927
715 883
992 919
985 53
645 585
649 288
135 749
882 937
779 30
931 788
676 878
308 75
471 681
310 371
786 310
277 362
856 527
170 673
213 529
431 305
106 252
915 115
107 912
626 77
535 304
275 243
975 500
463 213
227 884
138 204
747 381
730 223
841 445
640 715
415 173
988 97
164 75
756 197
494 905
408 544
668 153
691 296
49 165
965 772
789 439
967 544
733 211
255 228
603 767
292 472
204 921
705 593
10 216
85 772
730 900
657 364
639 995
676 661
254 420
551 182
476 972
357 681
440 202
169 71
397 847
831 459
778 286
444 817
283 526
412 765
418 478
824 176
127 783
865 772
419 533
475 592
666 648
255 934
703 216
501 464
393 325
489 134
60 919
531 478
661 249
917 436
303 981
187 276
775 257
245 22
848 701
191 976
581 509
19 364
171 22
920 375
404 72
740 895
137 627
997 258
448 995
303 44
254 907
417 664
858 870
642 467
240 447
738 693
842 10
255 782
254 718
262 43
431 998
750 847
966 376
125 568
365 233
609 704
877 299
645 386
479 938
795 61
784 500
742 868
246 217
636 164
421 114
453 492
161 522
274 516
21 232
738 618
280 869
336 758
78 865
282 606
295 45
484 963
374 870
804 477
768 643
882 650
128 701
130 71
846 508
701 796
94 658
837 944
500 195
967 498
251 643
189 947
867 672
248 143
645 378
313 769
820 39
631 897
138 22
449 414
701 708
431 839
98 523
453 324
736 288
510 143
848 196
347 428
188 919
944 968
246 208
817 436
817 895
620 610
786 573
469 639
804 249
881 761
436 307
812 120
148 261
991 195
477 4
506 418
577 382
244 494
204 795
320 284
854 276
54 42
985 30
767 423
586 945
716 832
461 133
828 272
649 562
663 535
577 751
210 349
67 937
121 718
984 162
631 667
855 299
749 414
911 691
232 727
400 824
832 550
132 672
250 719
170 645
483 588
616 930
391 250
103 172
694 497
913 43
509 379
634 194
882 967
442 455
144 336
631 192
502 997
501 880
31 323
856 726
946 181
303 229
306 212
569 316
676 608
915 808
224 241
937 379
424 322
424 151
978 738
392 726
20 419
237 668
358 364
698 267
170 1000
97 42
685 489
191 481
559 432
367 734
24 437
984 286
394 997
786 982
198 167
69 790
934 700
688 122
367 533
425 374
704 594
100 379
462 88
887 884
764 109
800 267
178 614
893 34
960 999
452 440
69 880
109 905
556 489
858 429
759 388
135 547
886 682
449 25
778 300
129 746
568 646
622 569
92 9
511 847
240 855
551 195
628 956
577 328
867 841
389 58
407 847
699 527
969 486
201 569
861 176
515 485
627 360
166 233
114 750
977 764
906 810
799 605
425 406
747 209
893 543
802 139
73 897
244 894
825 730
845 807
827 292
795 358
259 38
699 127
425 818
620 887
653 842
396 462
32 300
749 876
328 216
456 493
918 342
459 8
591 752
226 885
649 995
959 432
943 129
376 402
105 349
713 203
239 319
552 242
915 359
311 652
310 956
59 258
828 652
958 888
635 989
282 111
873 269
998 617
681 995
633 563
69 165
74 304
383 325
662 123
575 652
265 126
380 611
585 644
175 585
927 692
142 329
170 722
517 765
936 143
442 564
774 228
832 379
154 641
46 478
213 385
430 889
894 162
35 75
642 33
310 467
59 848
114 326
169 318
649 81
463 547
256 303
891 868
51 550
485 290
934 316
595 398
142 54
284 364
294 377
441 273
296 951
640 790
617 163
410 684
29 85
377 581
362 184
514 301
145 131
401 25
347 869
442 368
352 76
667 700
615 290
379 919
785 109
549 810
86 653
946 498
475 508
256 979
901 18
957 85
135 761
227 360
748 818
502 841
504 408
458 94
948 83
433 989
37 151
494 104
660 69
60 88
837 368
613 873
814 305
463 141
347 734
48 863
747 325
373 359
452 658
929 359
189 736
753 673
826 361
718 326
646 739
186 648
886 786
975 904
541 333
137 452
346 313
194 344
931 836
724 694
39 324
167 853
504 999
613 587
318 707
728 848
893 554
776 860
931 233
511 88
936 690
369 44
114 946
470 689
924 598
788 729
350 763
142 913
271 888
458 849
259 655
404 802
637 707
617 28
356 112
679 796
30 497
749 669
806 909
977 998
476 263
442 870
168 549
225 1
685 715
150 417
749 159
586 10
171 300
327 326
687 793
76 569
459 797
957 673
375 753
597 95
247 986
603 837
267 824
469 460
362 758
825 758
769 513
700 787
150 840
423 288
167 803
208 869
348 242
784 739
710 810
35 555
788 93
256 307
59 555
98 409
954 16
797 942
464 654
619 793
818 459
69 701
894 763
246 325
40 973
624 319
612 71
817 277
278 475
761 184
148 263
103 25
227 512
822 434
642 483
463 148
689 655
208 973
908 807
834 378
550 644
178 685
555 9
159 487
648 853
6 533
609 646
500 938
191 824
405 456
929 566
948 613
879 622
308 964
572 838
534 264
499 575
472 149
615 96
502 536
182 516
230 143
641 912
126 482
37 275
151 271
781 830
232 486
514 794
676 190
642 506
405 942
864 251
955 638
833 876
151 177
466 849
511 16
564 289
747 3
555 67
604 245
948 810
329 363
60 611
438 317
59 712
428 257
210 542
156 45
266 482
631 244
911 173
215 965
213 416
737 727
347 696
828 311
367 693
852 587
321 897
691 792
835 415
389 158
106 443
586 468
957 649
626 895
552 870
494 247
496 754
540 563
213 718
959 998
173 719
46 735
220 955
621 696
125 113
257 686
754 881
444 996
564 567
460 607
922 478
172 209
999 18
546 665
620 778
268 183
507 233
107 940
473 924
147 403
644 989
899 367
663 286
224 640
722 131
631 863
246 310
817 413
343 85
294 471
866 633
371 704
687 206
49 859
835 987
198 883
808 963
808 536
169 527
94 542
212 939
527 316
243 406
547 594
306 358
911 840
861 525
348 608
920 832
831 768
298 393
320 540
128 328
312 793
636 991
730 750
468 57
213 337
505 77
453 689
534 177
662 122
385 433
318 888
320 966
564 166
32 511
748 16
968 774
91 540
954 300
609 532
873 652
332 290
6 905
425 667
743 271
66 210
91 275
808 543
255 241
916 413
256 870
353 105
214 704
768 847
334 503
771 885
450 398
784 434
977 692
845 418
39 495
976 31
631 956
136 928
324 824
437 900
412 744
431 925
189 304
756 774
76 112
993 170
79 245
903 694
133 247
118 479
62 632
282 377
49 655
892 242
784 139
531 617
380 17
324 323
348 202
240 48
41 803
349 874
312 83
243 846
335 385
580 301
29 108
620 542
941 937
515 967
834 580
13 45
777 269
338 685
375 109
813 861
712 567
463 171
253 905
696 187
46 585
183 994
438 366
611 40
702 316
998 317
133 111
118 423
835 349
728 769
505 85
30 761
968 165
198 208
553 556
76 111
518 338
288 720
65 218
525 570
906 720
967 658
602 188
507 656
110 588
907 177
789 810
709 4
23 571
343 157
959 949
46 523
653 397
729 778
215 275
767 966
181 90
645 368
383 434
313 165
505 575
815 202
19 715
767 484
964 471
731 484
993 372
182 861
426 400
66 355
147 522
551 710
541 123
210 951
757 324
356 700
196 937
243 509
531 368
716 153
238 466
129 878
700 790
993 164
132 144
6 995
614 276
483 124
46 702
80 174
430 963
415 771
824 491
1 574
568 587
20 341
132 925
456 848
70 600
780 845
892 919
142 647
740 279
274 925
955 209
830 272
613 96
170 858
959 515
1000 560
485 34
158 984
932 743
225 699
511 455
441 196
446 612
940 26
444 87
867 108
651 540
252 191
530 794
747 120
179 601
201 177
165 923
421 214
719 83
278 799
389 445
615 489
856 62
947 233
118 685
416 623
74 71
457 85
404 692
646 95
205 508
6 446
282 607
717 814
601 688
198 994
86 904
948 953
698 205
608 392
229 847
898 836
205 896
731 875
670 493
744 216
908 526
856 487
892 48
603 728
105 981
306 261
678 735
473 857
130 650
147 536
494 268
832 272
43 980
616 18
317 216
998 684
170 409
198 624
413 126
54 131
821 247
993 259
186 379
270 326
174 972
906 16
134 897
652 576
547 203
964 763
531 645
237 430
788 28
185 65
941 120
920 577
625 143
653 459
967 85
996 387
113 807
924 162
833 494
392 703
463 449
173 225
124 847
730 926
605 717
886 179
683 100
191 744
794 25
477 317
651 71
321 790
441 177
179 861
684 883
738 394
101 934
476 162
616 168
746 564
843 772
636 608
755 428
58 360
454 485
676 765
386 93
402 878
957 274
862 704
121 920
413 895
248 339
35 382
386 724
282 289
679 869
574 703
573 685
832 617
651 239
857 489
620 195
395 301
841 717
74 965
420 870
476 75
265 535
262 458
959 86
67 574
835 859
892 456
208 233
61 44
234 494
988 174
755 717
130 963
802 849
835 770
674 38
86 215
587 165
678 939
240 840
403 4
277 445
102 829
667 560
65 40
464 400
670 976
159 323
288 923
215 891
132 124
457 249
112 202
386 199
910 475
461 407
253 673
656 702
251 498
277 955
822 79
604 847
935 793
312 57
718 12
918 594
557 242
595 963
852 691
9 562
100 217
584 80
578 629
824 543
988 686
991 412
992 160
729 65
334 542
649 994
428 108
854 719
771 216
677 846
937 528
715 218
881 739
140 970
350 179
831 574
936 148
872 549
776 506
907 230
193 898
691 908
983 414
141 279
783 664
550 701
879 217
802 990
297 774
119 159
885 2
225 529
649 732
454 592
998 761
360 829
658 73
770 527
825 149
511 542
239 48
422 289
723 533
151 4
393 26
779 177
379 782
622 36
641 176
699 870
882 223
738 527
500 265
285 89
224 372
716 790
237 832
589 171
441 971
441 638
936 862
101 326
670 962
812 467
142 936
825 634
809 939
735 760
136 912
357 61
639 906
106 162
270 668
294 115
735 487
455 762
129 663
349 905
133 167
248 965
407 119
595 379
341 521
430 897
766 770
879 594
532 840
610 527
4 607
116 987
27 896
29 625
691 754
405 218
505 561
821 384
681 387
511 176
132 878
613 403
852 92
154 563
619 187
321 540
30 286
740 869
977 815
716 297
523 994
256 503
916 912
666 559
125 646
995 482
298 427
352 223
982 236
341 87
438 414
550 117
291 117
511 524
833 234
993 115
259 28
260 995
454 524
35 853
842 637
71 630
896 65
952 30
53 8
419 153
947 38
204 251
622 556
133 870
354 200
747 317
802 119
415 987
92 884
382 863
329 81
389 638
166 588
333 287
711 689
62 376
135 98
670 635
215 356
784 336
396 449
141 717
260 810
275 836
222 862
663 584
761 953
465 117
139 666
501 559
68 473
56 24
239 400
383 487
387 962
442 223
135 750
797 359
121 305
285 435
488 33
677 556
842 780
661 200
475 813
747 31
683 666
704 368
337 933
598 38
718 11
945 525
787 286
91 253
827 122
684 289
667 174
965 851
158 567
408 851
586 50
931 136
823 291
237 188
23 498
370 649
39 529
55 493
248 544
372 881
798 184
731 115
985 266
182 791
199 847
386 960
220 829
169 821
768 287
405 930
573 876
580 112
212 42
693 836
324 661
455 43
242 606
442 563
133 872
910 116
389 510
212 365
874 901
817 499
49 134
639 647
35 416
669 199
474 701
291 317
726 558
997 794
518 85
168 532
152 366
170 885
114 790
972 17
467 406
140 464
340 50
584 998
736 236
400 301
532 526
347 413
671 123
154 361
297 961
155 53
212 533
142 535
395 169
675 180
539 938
660 192
221 268
511 397
97 774
70 485
541 14
589 547
676 448
198 4
784 750
678 306
438 567
807 847
667 950
857 838
248 848
754 640
130 477
374 782
51 760
140 722
306 157
969 299
879 743
698 337
94 964
367 435
227 149
6 368
300 963
856 149
799 860
356 522
582 41
377 227
407 139
179 966
532 216
572 458
384 83
599 796
496 445
848 930
26 482
997 953
383 525
649 17
51 77
70 923
988 72
898 580
974 822
554 623
395 314
762 622
438 732
392 2
428 832
675 503
966 895
454 405
775 348
757 228
937 763
98 419
997 704
155 485
943 260
534 567
191 958
549 669
911 986
899 994
129 547
918 813
443 558
577 311
366 247
262 769
871 429
106 684
581 1
511 269
293 877
786 80
552 680
313 412
934 960
186 551
977 880
559 197
541 474
391 162
408 664
396 897
788 598
273 188
718 990
310 859
438 268
385 432
518 938
282 713
999 199
162 847
693 863
431 488
768 522
179 822
142 430
715 344
164 162
755 193
645 573
331 998
703 316
635 90
781 983
121 446
983 938
987 303
12 880
117 432
488 1
389 122
100 598
98 168
855 364
730 944
69 124
735 417
147 72
901 734
169 896
42 414
813 930
409 658
175 213
452 336
146 496
624 272
789 618
573 429
167 266
650 407
778 765
504 36
484 65
946 148
413 528
968 707
53 794
55 95
438 77
829 286
633 824
833 219
724 481
229 43
598 526
140 767
767 397
948 745
456 850
860 411
733 643
510 371
390 437
239 631
280 533
23 231
85 889
488 877
802 284
677 656
87 689
579 394
542 618
49 276
403 25
597 4
49 566
817 761
858 881
916 882
56 992
3 879
960 571
408 360
943 217
820 994
584 555
126 994
768 434
454 821
515 373
129 901
204 721
6 517
831 162
135 28
613 410
866 50
212 223
804 971
152 354
164 989
201 941
917 26
115 563
358 686
705 599
814 658
68 411
451 533
827 759
722 676
362 693
713 90
327 272
535 923
791 251
723 161
372 859
578 796
946 311
920 416
270 607
434 684
509 787
511 708
37 529
756 276
334 568
373 393
581 84
292 556
547 787
198 406
896 9
237 873
823 742
755 865
452 232
132 342
813 694
297 781
462 81
372 652
818 515
907 862
155 343
693 807
788 321
951 157
957 846
740 151
426 526
371 588
631 625
687 338
894 90
231 573
164 811
788 304
972 962
717 900
723 489
542 686
890 599
615 411
304 739
395 572
469 387
568 953
19 153
465 498
170 544
810 962
743 104
357 829
838 558
910 427
514 477
768 384
915 796
530 649
408 190
920 902
702 9
991 601
832 749
770 573
211 165
565 932
769 874
826 304
792 192
756 561
431 836
440 690
389 94
819 888
191 669
840 941
97 983
293 690
722 829
204 83
811 445
150 243
465 792
127 301
908 43
360 412
587 669
549 924
612 861
938 72
350 385
475 71
850 803
135 559
959 745
725 859
819 625
548 145
453 467
735 187
916 519
169 715
446 791
400 165
800 268
47 272
549 700
234 194
107 592
164 92
844 942
459 951
264 517
575 814
102 998
262 735
182 60
85 328
927 305
304 41
977 227
865 956
256 388
292 693
832 360
244 209
465 785
277 532
52 54
414 693
496 70
58 992
699 850
203 411
650 633
830 950
687 732
227 735
301 316
391 720
155 326
477 569
678 378
130 635
274 628
494 61
663 697
278 665
780 302
67 342
275 79
395 776
158 217
161 48
396 620
400 477
97 904
39 51
386 205
207 397
964 564
622 992
182 355
402 567
58 238
223 744
59 667
315 78
580 901
725 673
155 242
932 280
488 522
906 534
329 656
320 773
274 19
682 148
424 871
799 771
422 455
651 681
718 265
583 852
912 358
37 646
920 949
918 881
991 837
135 946
802 324
391 452
818 112
484 567
954 606
268 17
253 973
509 419
602 427
494 183
755 74
331 859
840 416
274 622
780 961
858 481
656 61
642 437
20 513
256 967
612 560
132 237
60 539
187 302
600 876
106 631
383 872
910 432
694 78
308 539
510 635
538 440
665 304
404 332
208 197
251 366
392 887
138 327
375 811
729 710
118 873
749 688
274 413
535 885
21 709
78 34
189 547
812 925
372 751
230 986
835 580
748 760
802 785
380 773
461 951
852 308
552 813
238 208
519 961
957 233
170 749
315 857
645 480
546 865
457 585
582 99
657 245
620 767
894 490
181 124
737 339
914 427
865 790
520 59
101 936
869 355
779 176
525 449
374 953
703 951
135 110
514 521
831 635
515 864
400 702
917 956
222 206
612 881
117 414
339 601
892 315
32 996
107 88
101 154
660 4
55 236
420 958
993 834
387 258
122 241
981 123
525 878
399 496
107 572
642 833
914 986
864 209
20 266
774 761
424 456
56 796
184 495
25 692
579 253
446 36
102 881
984 810
894 493
327 483
628 153
149 885
850 290
941 249
463 341
879 290
748 56
641 786
107 279
144 283
346 190
932 921
459 530
354 782
536 244
928 120
424 203
532 486
