1000 9893
17 979
753 457
77 911
447 237
195 348
457 266
751 947
347 393
685 609
998 744
660 865
976 470
596 871
902 994
924 174
321 135
288 72
143 506
641 811
540 894
89 12
203 52
938 929
649 210
208 654
47 143
85 56
18 899
860 926
645 294
227 267
544 71
892 559
804 665
813 736
832 322
13 509
942 267
729 254
487 218
821 662
955 659
207 235
192 80
447 824
302 21
72 645
662 885
760 569
831 902
886 471
429 238
452 785
776 615
121 328
853 519
576 404
687 384
233 279
70 386
755 694
572 832
262 304
335 794
585 475
770 383
42 966
314 35
7 4
335 907
928 811
275 158
328 987
935 744
96 343
918 926
685 897
254 936
189 887
371 844
523 123
870 775
216 779
859 35
219 384
115 339
134 171
746 403
643 927
225 896
834 878
781 821
393 76
378 402
933 586
347 405
189 458
544 679
372 832
503 238
802 355
859 382
547 263
130 970
994 731
209 549
838 968
624 580
769 923
294 926
299 564
322 335
808 538
455 425
937 186
496 38
616 375
88 944
565 418
19 450
153 628
390 891
209 848
675 987
794 500
624 945
364 244
240 938
188 74
740 623
857 781
576 752
198 119
236 318
438 518
847 366
956 398
230 676
719 288
25 332
957 363
26 63
46 58
124 814
554 521
206 316
102 837
135 768
358 75
909 857
987 537
258 333
315 388
517 90
763 770
68 180
72 143
903 140
870 65
432 55
509 55
954 164
333 937
140 664
428 195
234 382
396 545
271 663
493 483
310 187
148 66
906 914
474 432
557 299
142 531
197 684
972 742
848 985
100 441
372 646
454 752
498 734
501 699
270 230
308 93
501 981
133 588
748 547
589 445
18 150
246 272
910 417
114 629
947 860
539 358
530 31
269 201
795 129
100 723
321 794
287 485
808 276
921 603
574 319
672 291
196 545
947 235
516 380
810 593
773 619
596 194
840 532
685 800
166 652
851 797
135 983
842 209
680 12
310 347
239 611
168 288
644 912
858 843
970 893
464 129
337 296
945 41
987 402
148 256
215 312
641 385
181 504
715 784
111 891
43 491
860 162
519 49
884 384
524 457
789 987
238 439
738 821
498 46
655 902
713 529
59 611
578 689
523 272
764 164
341 853
659 304
454 732
389 79
726 360
216 481
968 560
218 179
609 802
994 528
134 413
816 580
182 788
969 886
307 827
660 829
575 418
582 796
213 109
270 370
759 54
230 374
911 797
970 507
476 608
740 937
294 817
813 863
652 675
801 579
658 76
539 807
478 189
264 499
943 29
819 99
920 396
793 636
791 985
494 971
443 823
693 215
66 594
438 974
849 821
410 167
856 139
576 795
164 74
112 395
828 49
525 111
103 71
31 250
396 421
898 35
222 595
559 304
227 827
72 387
177 82
715 990
43 321
917 724
799 118
492 944
442 57
850 74
45 236
432 255
423 769
185 793
24 409
275 172
859 937
2 592
673 941
582 703
967 711
345 588
813 446
510 618
651 431
890 816
638 870
566 195
128 405
845 56
497 138
261 199
959 48
946 849
513 870
782 349
960 861
592 359
356 170
564 343
855 848
233 545
420 719
632 665
407 451
608 768
356 313
431 457
126 979
847 849
118 279
969 797
303 131
195 522
673 333
401 127
165 238
627 527
41 400
938 942
815 292
619 623
960 531
143 667
421 453
153 671
652 583
411 211
784 599
123 749
514 608
18 787
790 477
173 437
503 766
144 837
550 509
809 181
499 571
409 295
292 933
758 731
128 713
397 338
757 184
36 534
596 250
300 975
983 714
876 282
1 494
225 136
745 593
136 903
654 585
988 275
622 944
440 809
130 189
24 680
558 37
617 559
101 390
482 648
255 649
286 296
804 173
788 554
7 502
675 88
452 71
681 591
284 904
473 802
807 476
115 52
280 31
7 148
568 455
213 358
689 342
357 416
287 565
242 992
115 338
872 439
263 460
836 274
323 353
219 304
954 709
647 362
411 20
636 423
838 815
105 441
413 400
125 934
623 155
717 226
223 361
891 211
907 598
506 319
665 508
19 118
38 182
475 584
523 518
228 256
356 477
912 843
972 135
421 135
674 537
969 927
531 128
878 297
193 217
191 626
213 150
160 270
606 343
952 794
592 257
22 996
534 309
890 234
174 803
411 191
808 313
131 216
535 318
442 603
39 911
805 82
374 314
788 510
861 812
643 137
165 885
79 787
904 763
211 139
265 807
623 930
771 109
6 714
132 189
245 424
340 348
982 775
16 122
514 281
54 710
940 739
797 870
766 341
219 946
148 510
701 726
64 645
763 773
340 562
109 635
36 299
789 371
885 282
139 34
289 657
237 699
550 820
360 273
498 297
907 89
475 123
63 848
444 822
798 157
11 253
450 311
881 633
989 622
573 957
410 885
506 526
12 737
932 978
629 680
834 767
581 976
143 238
403 85
172 622
690 891
94 555
590 428
114 477
717 791
555 68
450 874
786 144
678 898
825 334
899 947
480 942
977 635
227 100
221 606
926 951
956 663
286 906
472 492
335 379
389 119
545 953
657 167
531 378
364 217
662 720
495 641
448 132
692 943
850 398
211 167
585 854
947 283
588 607
443 8
671 672
782 587
287 171
475 411
57 191
742 383
232 756
230 419
549 469
223 958
957 592
653 182
879 675
201 264
151 375
153 429
559 637
653 456
659 887
392 180
399 432
828 594
233 8
392 561
154 688
64 380
472 767
234 482
402 662
848 362
646 351
959 398
263 391
160 940
752 790
125 780
107 769
147 150
884 463
872 399
146 290
147 7
310 593
259 961
228 506
547 614
554 310
147 116
350 941
777 237
982 54
859 441
860 662
203 189
114 336
170 462
445 216
781 606
393 357
503 487
369 870
904 119
179 381
382 764
790 583
791 762
903 988
425 933
62 466
579 580
218 756
844 352
807 620
79 693
795 108
946 208
361 577
359 506
879 771
938 527
410 164
801 797
914 532
146 814
786 163
357 864
106 166
359 216
185 717
520 626
448 573
638 344
785 402
932 455
129 406
662 56
276 355
199 866
283 877
603 528
487 709
842 468
20 872
239 356
330 834
794 275
281 380
690 736
414 32
551 673
789 28
718 242
665 486
974 24
745 176
564 796
836 25
569 642
825 744
94 935
521 743
20 659
300 334
103 667
107 860
988 739
683 279
846 193
849 35
157 100
431 517
158 199
510 762
42 292
546 116
879 232
204 16
63 479
825 164
178 811
483 40
360 957
471 987
402 190
354 199
782 165
843 905
574 11
408 942
960 747
819 160
565 332
17 430
551 297
105 194
874 688
431 159
809 43
791 911
635 751
154 368
563 212
305 708
161 888
246 186
218 891
93 381
663 177
499 570
26 182
317 885
247 756
602 997
362 270
991 725
193 568
250 443
453 230
1 493
548 119
758 787
266 987
247 626
71 712
44 340
707 684
767 848
928 958
546 613
750 24
16 844
642 176
326 681
371 769
947 143
229 434
381 215
552 701
279 850
569 670
306 780
591 501
695 347
76 265
7 949
285 51
885 845
940 497
651 878
934 988
124 140
683 321
859 195
789 756
459 241
425 289
498 857
480 820
778 359
998 650
602 99
63 320
319 682
342 793
167 486
298 339
942 984
378 229
387 270
36 547
329 575
238 585
866 270
995 78
674 649
144 900
348 636
206 397
468 69
730 400
74 476
257 724
520 206
350 417
279 127
52 248
454 387
499 534
64 73
690 149
340 494
333 726
970 101
718 767
790 216
205 920
244 834
210 814
482 587
924 991
468 394
399 776
37 411
184 961
439 27
885 199
600 329
657 262
219 949
457 872
349 266
645 877
501 639
535 114
486 380
569 984
327 824
367 459
831 632
724 520
875 620
272 593
973 584
811 900
690 571
820 638
488 255
334 346
383 802
850 821
30 443
656 518
695 447
95 843
591 638
99 660
261 141
246 965
302 987
673 197
926 241
485 367
256 259
403 84
851 850
270 228
678 673
860 540
773 20
590 429
621 297
290 593
458 479
129 725
521 251
703 199
579 845
797 158
30 631
161 740
398 251
312 888
350 208
479 500
248 886
328 244
448 611
216 212
124 524
437 896
723 647
179 331
13 881
964 919
58 874
407 89
818 864
156 863
292 399
579 118
978 602
912 372
144 142
532 785
936 122
502 970
979 316
542 625
670 995
527 542
236 691
199 569
2 151
478 835
609 403
280 621
585 44
982 800
948 880
111 566
150 246
233 348
309 543
590 640
77 467
25 72
776 688
211 373
858 760
653 618
527 475
774 458
867 862
580 269
792 387
626 767
842 512
311 719
831 412
729 914
417 208
309 418
475 70
25 795
299 148
964 130
911 389
510 588
8 610
650 433
427 104
108 947
362 591
347 305
238 579
742 922
360 164
472 542
750 497
882 25
759 381
389 77
742 629
506 261
252 481
255 898
471 577
76 55
62 102
592 29
55 380
216 257
143 272
401 145
928 641
902 551
942 528
786 4
200 969
424 477
208 564
317 142
636 940
213 845
454 41
240 101
94 64
41 84
792 821
672 466
835 894
628 915
773 572
45 661
912 336
537 581
663 29
23 162
351 593
122 363
144 121
842 96
992 579
921 343
117 180
912 126
839 589
951 439
827 141
480 16
860 298
215 504
308 543
684 673
810 996
45 89
505 556
270 838
823 110
883 259
498 287
651 185
138 476
746 9
747 464
654 828
931 153
399 407
571 110
975 523
155 970
82 369
391 787
477 167
250 971
785 844
361 45
815 908
629 718
45 396
888 606
34 127
369 372
827 627
208 182
553 806
376 306
241 306
556 943
163 337
999 890
313 973
584 288
802 491
159 698
952 452
533 361
868 120
760 609
618 515
912 978
425 341
703 142
930 502
761 662
339 616
969 993
19 314
277 802
868 301
445 108
95 130
675 851
268 747
894 912
94 173
790 212
965 518
51 122
994 118
297 222
409 436
48 654
320 105
670 793
107 179
749 256
736 673
398 636
97 889
888 604
575 900
508 821
447 906
451 591
208 16
697 895
889 231
463 444
871 19
124 884
549 283
215 713
576 407
816 390
230 104
712 759
250 666
414 355
33 798
309 599
383 602
82 51
121 431
986 18
461 909
753 261
944 425
599 747
323 948
659 686
284 569
340 877
15 699
312 434
771 749
901 678
439 619
464 157
229 147
855 419
567 367
293 950
578 580
9 327
337 818
980 940
566 173
988 631
95 655
16 830
686 762
402 897
350 987
578 358
389 133
928 345
967 856
215 663
899 712
972 50
276 521
100 885
462 884
670 441
764 460
76 167
566 638
569 202
582 211
857 199
14 44
508 388
476 699
539 575
630 476
905 345
621 247
325 970
588 960
38 481
416 745
141 562
628 932
679 616
701 16
317 807
155 180
28 446
196 968
325 236
736 589
761 238
84 901
212 178
487 72
933 382
883 703
615 844
174 114
12 121
306 282
988 322
866 802
387 743
63 670
616 837
447 575
124 920
641 664
1 377
951 769
278 783
706 842
250 702
325 288
608 964
370 395
831 746
888 52
390 484
263 110
232 440
879 766
629 995
498 295
546 505
163 827
438 355
833 835
635 731
172 187
858 438
254 971
699 842
405 971
878 262
855 351
328 728
560 483
246 986
411 563
394 303
569 411
722 395
741 189
138 808
12 961
256 435
61 672
393 254
655 242
752 601
593 610
338 886
544 309
749 132
87 637
859 460
492 243
19 261
810 24
544 420
873 696
587 454
520 397
730 338
830 174
504 592
71 190
311 591
723 631
210 606
728 223
467 309
126 623
719 483
79 832
190 555
249 109
892 705
417 841
313 988
417 826
352 465
278 969
728 876
68 501
268 247
107 409
145 644
609 191
476 114
213 967
997 560
62 963
211 391
28 727
893 767
159 111
367 189
187 126
848 533
745 440
504 490
859 672
591 25
840 211
822 455
516 834
655 749
675 227
453 753
937 904
703 721
870 322
764 961
954 921
441 897
156 820
498 45
284 764
579 492
483 451
781 920
926 67
1000 821
967 621
215 904
197 653
367 829
295 48
703 951
461 264
464 500
63 84
156 474
878 171
95 711
350 302
381 396
584 660
74 974
551 80
535 847
630 715
899 810
602 88
584 739
146 450
925 300
145 275
680 625
13 325
584 276
764 363
364 25
267 283
682 434
791 756
204 946
188 303
192 938
397 53
164 256
60 209
500 408
66 574
532 839
222 996
335 462
905 627
486 878
16 422
610 18
116 657
961 932
672 689
925 769
947 377
549 149
346 296
336 786
922 57
904 516
10 607
225 123
306 290
269 686
733 457
849 724
317 674
469 999
591 76
659 157
435 605
676 974
806 917
811 545
573 578
261 72
928 771
475 562
811 958
279 840
461 741
654 940
327 912
733 909
972 587
366 206
298 662
834 612
363 964
119 99
187 35
1000 147
873 171
379 868
129 961
480 955
100 124
262 807
229 848
30 259
988 515
371 515
284 410
915 40
165 393
57 784
687 532
981 823
198 579
753 184
331 110
313 495
946 595
190 935
805 583
973 516
541 320
49 898
289 554
947 921
431 40
125 644
153 668
80 588
669 700
602 705
674 722
36 751
933 103
645 435
169 394
818 809
691 13
876 119
684 834
316 478
248 508
671 580
81 968
775 554
596 5
681 631
488 698
164 105
249 388
200 5
481 251
46 397
249 775
61 919
14 943
272 314
384 388
136 793
818 365
770 456
720 803
918 176
435 27
10 341
27 458
124 603
234 247
680 485
259 171
759 883
336 683
319 306
452 209
507 995
633 436
82 338
870 443
964 180
358 751
90 889
691 677
861 358
347 90
650 487
798 55
581 717
966 889
99 634
869 66
152 242
584 462
158 289
324 713
164 934
882 207
864 235
794 809
545 485
904 324
484 774
995 146
318 133
13 617
658 350
722 857
27 309
815 340
908 666
244 787
398 140
477 749
615 539
251 448
71 213
844 347
641 21
781 326
532 648
477 911
13 45
306 57
456 662
753 736
383 37
41 828
369 671
596 170
724 487
401 739
46 207
619 251
726 573
883 702
743 154
11 677
512 846
213 727
876 377
552 95
222 927
491 938
490 238
770 428
466 887
174 444
675 121
508 286
764 591
836 204
195 220
641 42
200 166
203 761
822 184
100 327
114 830
376 999
986 352
345 536
732 412
646 980
6 55
119 474
727 155
470 160
841 524
734 442
405 571
890 887
849 126
925 180
104 32
985 601
472 516
949 62
583 161
190 178
851 852
873 780
503 89
640 443
754 57
989 958
725 648
427 445
514 995
327 412
403 308
596 667
264 110
532 479
43 762
691 310
450 664
808 506
655 823
717 630
740 297
47 67
749 421
507 582
523 914
141 11
165 901
814 274
355 834
999 818
198 667
515 915
936 124
828 186
690 183
429 161
766 666
253 573
839 986
879 857
970 903
532 898
584 332
168 149
331 707
996 923
922 34
154 72
429 50
366 759
797 839
923 436
83 211
504 124
177 42
16 232
913 638
73 489
220 72
573 460
244 70
427 686
894 24
235 397
418 935
435 895
918 888
206 62
249 537
858 617
729 871
270 795
388 674
172 9
708 491
160 705
358 292
750 554
306 835
492 878
953 260
944 193
485 175
87 111
234 481
661 172
982 522
612 670
774 133
902 78
775 212
100 341
725 672
787 447
544 517
816 794
854 294
290 657
593 72
263 678
590 399
173 905
337 539
998 848
123 118
15 182
271 216
520 332
21 769
460 295
728 495
981 899
52 937
182 1000
240 185
596 558
632 863
448 632
378 27
624 799
515 487
636 942
69 507
537 809
113 495
296 153
577 56
939 689
559 248
717 431
65 332
356 837
88 842
862 75
829 130
262 316
546 920
714 194
998 106
205 973
645 624
577 346
762 214
466 507
946 49
473 705
461 564
26 115
581 259
672 545
328 375
680 236
873 294
480 18
832 807
797 811
64 337
841 63
346 619
914 821
632 859
115 830
286 155
750 996
487 710
847 969
510 317
591 252
98 931
509 231
963 381
474 338
573 690
379 467
286 125
401 789
817 132
722 159
515 604
802 7
90 789
987 1
626 963
755 29
829 830
902 42
685 698
708 237
506 581
967 592
991 67
111 238
631 487
522 105
280 340
566 374
553 949
924 820
906 283
1000 434
270 162
424 526
99 396
707 333
998 892
13 580
584 512
859 390
511 667
503 613
276 742
173 894
230 881
212 740
583 823
673 68
715 199
53 500
296 343
947 920
134 110
649 806
800 182
899 170
919 183
874 718
343 769
14 739
986 720
519 770
421 291
114 823
353 213
871 303
799 530
37 898
760 408
373 139
653 73
253 997
933 105
3 300
153 223
317 596
943 896
839 563
365 936
779 268
488 601
840 270
306 598
804 169
311 875
917 406
187 185
353 657
10 338
174 417
824 770
987 478
181 395
399 580
845 916
866 26
242 683
3 603
78 61
584 130
12 411
200 139
254 834
257 625
336 315
959 445
67 445
44 395
924 715
392 460
210 431
46 953
530 846
683 372
202 105
902 22
12 840
342 451
369 306
200 504
241 220
756 725
959 80
928 492
588 318
116 731
688 492
47 987
893 445
752 575
169 809
385 868
354 375
247 224
325 662
622 980
737 912
294 915
448 367
178 952
360 555
456 810
525 30
79 584
726 993
303 16
948 347
279 11
869 999
174 807
691 507
368 244
791 940
500 465
652 502
246 245
874 546
411 288
984 30
883 784
616 681
410 104
823 492
715 303
554 611
629 429
117 249
413 712
362 240
456 373
348 931
386 128
743 234
945 183
664 553
542 718
280 684
547 212
380 611
858 956
434 519
348 193
920 450
480 830
262 273
449 830
395 432
34 336
162 413
915 713
823 80
736 122
241 700
262 160
637 310
927 150
695 154
219 197
662 449
846 98
404 49
320 956
228 797
786 697
731 311
751 163
897 240
292 750
901 664
149 355
119 469
746 353
792 73
885 858
410 992
52 257
908 939
609 936
441 782
151 719
133 960
137 5
837 62
479 211
725 663
64 690
105 554
22 715
973 489
891 77
576 451
321 66
69 740
269 482
493 836
152 996
635 103
147 683
301 150
646 490
66 937
950 966
419 440
41 125
781 361
250 173
732 761
658 244
161 948
753 818
683 587
136 662
84 52
36 951
952 536
849 972
500 164
727 935
567 606
328 461
753 540
26 28
634 489
728 878
395 865
946 554
291 33
590 647
666 95
817 25
656 409
775 905
453 477
719 982
666 206
617 884
944 484
983 861
306 753
963 273
794 383
488 791
479 627
65 731
634 796
980 768
512 262
15 332
759 600
691 808
518 560
811 131
225 850
27 129
599 96
251 990
398 265
769 651
60 824
955 672
595 649
542 384
191 242
104 172
412 253
544 740
427 408
670 356
351 9
599 311
308 348
271 328
916 235
596 559
283 150
134 223
749 503
346 570
464 106
443 620
635 496
981 228
530 124
52 712
899 177
991 479
518 997
776 132
248 627
611 200
574 476
977 679
163 347
571 566
757 175
410 160
178 388
508 643
847 466
28 330
795 319
410 211
823 836
864 282
884 853
796 643
945 255
50 989
434 636
733 120
491 629
810 995
741 605
230 210
141 579
92 23
257 78
907 20
410 612
858 586
386 908
613 484
101 208
550 484
357 498
812 30
996 323
197 734
950 436
698 469
935 288
975 995
777 851
685 714
190 248
872 495
393 90
161 470
694 824
351 335
233 548
472 876
753 301
130 782
972 9
955 829
375 458
346 764
497 376
688 559
30 946
344 469
413 465
264 182
468 958
986 959
258 47
933 148
83 737
268 373
109 973
519 631
592 425
131 55
596 289
344 866
199 732
607 227
274 565
656 166
1 624
165 813
684 979
131 981
136 573
432 340
490 470
970 988
790 163
224 214
611 962
110 710
644 485
27 546
814 22
875 870
414 358
646 573
172 428
211 302
654 876
324 119
419 285
59 994
189 943
6 815
957 773
10 290
391 995
175 824
396 571
733 894
993 977
944 59
546 323
807 424
755 75
980 824
845 70
595 850
47 644
599 955
466 725
983 472
238 17
419 857
426 103
513 837
146 358
422 507
947 680
251 119
180 57
220 778
132 164
703 175
178 550
179 323
566 637
659 77
754 245
332 291
134 496
564 86
109 143
523 750
131 389
37 67
739 121
360 714
358 507
862 113
311 405
147 620
666 644
9 627
448 189
891 643
434 960
586 872
774 934
22 219
792 998
244 991
316 508
500 321
118 816
672 652
895 88
348 781
184 854
656 144
766 719
141 344
549 171
128 601
515 87
918 889
667 816
348 880
349 262
222 556
261 676
297 763
84 725
126 839
363 371
259 361
813 8
1000 662
279 684
873 293
380 723
114 844
718 191
591 183
538 801
278 620
279 797
963 308
488 852
362 693
738 696
560 184
688 77
484 224
637 422
177 712
877 631
438 273
646 970
82 711
136 385
998 505
129 926
595 639
483 313
466 697
108 986
358 256
441 781
265 95
802 302
971 429
795 603
133 225
264 16
449 52
15 205
623 408
806 200
260 228
373 669
484 538
352 936
905 467
359 751
530 25
967 492
679 440
589 144
386 801
98 119
481 357
908 926
557 249
676 386
236 393
937 977
773 708
890 950
212 98
412 636
676 273
142 397
240 859
4 406
101 662
887 603
874 406
538 321
62 887
67 939
802 660
254 479
186 352
548 9
857 816
280 783
410 414
174 367
486 141
658 712
955 118
153 432
462 426
176 127
453 621
37 878
723 259
932 541
410 47
189 840
928 728
600 869
985 921
385 487
793 482
759 603
417 54
971 619
328 759
238 94
261 237
391 606
270 341
952 300
642 696
185 451
518 15
579 15
172 591
449 502
566 283
470 428
790 911
755 462
167 324
498 925
963 765
877 927
200 751
40 580
777 97
669 947
437 639
905 261
861 732
787 809
570 667
331 165
424 449
541 490
635 499
535 23
640 965
459 761
153 566
796 216
267 286
707 515
662 753
332 53
546 777
800 505
378 733
177 183
469 642
550 693
168 371
297 529
620 809
531 842
935 782
554 715
467 806
206 382
934 351
228 658
500 95
211 420
380 565
253 801
20 646
965 113
370 639
263 34
447 705
395 106
824 872
162 339
327 879
715 933
336 706
686 294
343 385
570 455
54 92
736 35
572 665
738 753
656 676
859 943
453 722
827 333
684 82
237 928
766 322
975 994
470 655
229 204
385 636
647 380
411 764
711 585
379 160
328 610
392 908
872 127
199 266
271 137
809 594
592 110
373 563
9 922
47 950
454 988
237 484
809 739
994 673
342 865
365 320
498 611
579 918
139 773
692 321
570 703
388 280
924 506
356 660
505 182
624 908
914 192
917 879
674 740
840 884
503 756
452 634
783 550
625 310
218 836
827 606
679 721
864 437
170 995
546 954
529 40
155 489
537 549
990 137
433 236
680 59
992 893
365 789
701 859
887 944
28 747
272 317
914 644
510 125
629 233
317 707
690 351
250 678
270 951
35 110
909 528
270 806
997 855
284 902
897 121
111 953
607 836
875 532
328 849
963 341
298 649
957 207
470 155
555 291
205 230
426 213
924 628
137 414
695 25
771 631
86 875
959 82
781 814
51 625
512 237
622 248
522 481
203 794
602 270
906 317
692 494
329 704
735 456
539 629
83 817
503 148
952 194
277 977
598 67
70 744
161 588
471 875
402 302
848 770
59 883
222 70
23 403
631 958
190 672
179 145
198 223
369 515
10 929
13 42
490 297
519 864
739 342
245 1
317 252
312 538
942 81
633 936
945 292
857 560
822 546
842 164
419 77
40 374
538 157
23 855
279 457
466 80
323 745
197 192
783 841
110 968
75 684
478 699
590 728
594 231
867 809
979 867
304 25
638 228
395 434
237 693
680 452
423 352
450 414
253 459
418 96
280 216
335 741
836 94
267 845
3 120
16 587
751 173
493 365
628 216
578 565
688 221
318 360
10 57
138 242
876 990
806 525
403 234
573 986
595 638
252 107
327 379
882 238
761 903
319 100
834 845
216 524
470 385
494 267
905 14
745 772
1000 396
576 683
630 530
774 7
928 232
726 577
90 271
255 715
4 83
36 588
364 49
557 906
23 439
210 602
191 749
801 553
182 732
383 117
847 730
815 56
767 467
52 532
813 679
11 629
585 856
262 737
353 908
727 790
631 385
770 109
590 538
335 133
706 827
579 390
16 235
791 374
499 388
870 149
998 94
784 224
257 96
276 452
545 588
263 78
531 895
411 883
497 474
962 726
500 649
798 336
105 63
768 771
971 780
58 239
725 885
820 607
324 366
716 600
590 65
367 200
372 626
637 58
379 278
586 744
850 677
755 384
986 101
234 654
264 815
507 59
270 197
130 808
94 521
186 988
406 901
777 23
349 420
551 477
490 148
665 874
613 868
687 749
653 525
606 503
623 447
436 267
494 513
186 830
504 513
60 726
752 295
734 347
577 140
868 389
463 867
672 120
433 404
880 507
41 95
313 802
265 903
476 413
4 484
153 934
943 139
908 340
239 686
993 414
973 928
596 237
50 249
912 228
400 904
258 490
960 240
249 879
984 758
658 523
55 249
679 995
957 541
489 63
909 922
803 235
179 645
453 302
628 348
608 786
315 453
580 479
375 717
933 828
950 249
510 288
116 159
693 252
210 674
845 894
564 873
828 524
667 694
840 66
254 948
1 962
372 551
46 928
672 58
191 50
764 848
786 526
90 131
898 640
648 627
196 178
782 482
751 955
76 193
646 189
189 446
63 453
34 717
455 159
260 415
243 705
872 143
138 639
324 774
810 344
809 738
332 313
613 664
905 215
763 103
69 698
312 821
185 874
482 125
448 437
321 953
986 957
515 673
806 96
311 514
863 81
792 750
144 813
736 823
610 208
499 915
320 110
463 825
784 733
531 440
933 500
738 12
407 781
503 868
74 479
805 138
130 402
656 650
555 394
945 319
50 157
182 422
477 946
993 43
886 350
747 4
876 416
624 329
827 172
210 102
999 426
616 534
909 958
749 831
474 531
20 667
386 477
633 350
779 414
139 63
432 3
470 591
401 980
438 489
923 671
301 863
530 939
968 36
328 963
946 990
461 25
454 386
769 422
509 781
534 742
167 971
280 149
228 203
48 337
821 378
419 714
332 153
538 540
444 152
828 781
286 758
627 436
80 81
302 816
873 788
213 347
291 221
659 369
259 543
756 583
248 898
209 396
674 846
825 202
238 881
241 51
45 826
247 253
104 373
624 636
466 280
626 422
165 314
249 393
948 183
91 654
772 101
939 476
703 399
361 848
36 696
753 954
221 740
437 807
922 697
928 449
13 216
108 90
109 943
827 524
44 754
830 913
726 710
182 608
758 87
5 901
465 988
447 836
868 94
454 331
292 119
840 584
22 72
301 511
533 564
454 276
336 990
110 878
814 71
637 608
784 118
487 293
839 528
328 178
24 651
832 866
46 284
49 72
693 687
732 203
642 255
894 910
385 78
796 285
279 686
871 784
250 810
362 800
454 244
456 165
228 905
580 166
432 190
309 328
293 883
25 423
413 186
715 626
200 313
458 773
720 432
729 612
113 78
941 644
379 269
461 287
398 121
302 989
708 800
820 922
650 249
319 790
896 574
290 760
700 871
313 329
189 486
373 633
228 348
449 409
549 582
147 974
791 521
575 438
852 764
192 677
800 932
300 209
431 398
751 721
846 767
921 157
711 199
716 223
130 534
331 187
544 40
195 856
1 867
847 564
923 76
856 409
912 475
973 810
957 421
425 876
283 346
710 167
278 83
637 802
857 738
325 92
491 876
41 941
577 739
33 781
784 963
749 997
311 14
704 234
922 81
872 796
28 812
585 185
92 229
955 27
315 440
816 323
64 760
672 999
858 706
840 329
269 615
96 201
577 958
462 424
345 862
217 853
736 25
534 332
258 587
133 621
172 5
194 589
470 998
58 236
920 255
975 667
355 546
318 698
689 262
703 546
51 797
966 810
869 53
263 508
202 939
324 766
141 992
399 204
954 789
169 571
314 436
382 540
941 633
907 681
808 435
792 215
846 910
963 878
271 183
644 435
301 933
821 197
924 622
679 399
393 366
109 196
166 149
721 450
381 151
391 770
798 606
32 169
644 96
39 622
617 950
827 293
285 682
568 442
209 833
808 361
458 46
708 27
614 781
733 925
587 199
475 512
58 801
313 914
79 803
338 411
784 769
896 843
484 128
101 648
53 961
607 430
116 331
540 501
763 740
547 435
692 680
641 682
698 557
40 335
884 848
116 506
942 176
51 834
572 949
174 393
33 523
324 30
732 179
89 673
399 620
388 755
284 956
582 405
720 602
438 445
629 934
613 481
852 477
667 649
175 918
471 63
220 765
390 195
821 357
298 802
899 1
873 174
301 685
237 815
939 55
741 111
464 469
684 179
191 130
382 804
808 890
898 816
574 833
734 907
695 643
420 759
190 985
994 186
928 162
655 49
536 935
441 549
5 492
887 40
209 577
263 932
566 519
625 121
365 318
113 173
39 701
445 102
583 960
820 406
678 92
40 832
293 50
593 628
795 208
696 838
195 784
683 493
324 527
79 662
597 981
304 676
377 114
625 638
30 371
715 282
277 639
577 393
631 762
227 528
692 622
775 545
667 184
631 619
729 487
801 818
918 107
996 863
323 527
782 522
966 295
36 168
771 791
130 181
573 415
25 409
188 995
788 562
766 3
281 831
973 284
737 271
519 339
986 40
975 317
462 480
29 707
674 280
31 373
183 350
404 25
578 956
560 159
239 635
524 314
949 771
569 76
738 770
831 291
542 146
587 775
988 734
989 691
459 392
315 940
122 706
484 45
746 408
418 431
294 346
99 718
893 456
486 32
406 979
722 560
364 199
382 523
762 461
511 554
592 76
609 866
981 982
764 458
900 172
61 888
730 377
913 303
455 416
882 652
479 302
389 562
623 615
75 149
238 707
19 220
60 295
740 641
544 124
898 401
434 108
999 773
161 797
883 788
610 100
755 867
494 907
687 216
84 899
932 209
37 307
240 641
585 819
148 535
19 905
991 583
280 647
598 751
14 33
483 785
780 195
804 201
547 175
2 863
901 849
594 229
421 775
854 851
38 411
712 872
471 129
992 488
851 287
713 258
236 768
52 495
414 242
449 717
431 597
214 335
821 349
15 266
916 455
346 539
357 349
233 711
401 499
642 723
994 914
530 592
329 785
238 163
23 729
830 487
910 319
294 32
886 910
192 678
743 133
322 313
330 361
730 571
643 529
915 325
536 526
829 407
460 542
522 609
446 601
583 904
70 869
850 919
37 100
917 855
960 345
634 160
464 872
88 4
514 544
182 722
311 506
888 555
26 326
602 565
612 706
566 920
94 903
205 804
185 169
411 433
70 150
537 739
420 417
677 172
277 280
150 30
689 1000
486 934
452 850
861 805
314 799
991 955
745 923
651 436
154 196
162 824
179 683
901 804
741 549
162 330
510 266
90 536
632 91
232 297
730 552
388 574
929 374
986 321
197 742
950 428
863 901
208 193
206 844
523 186
172 804
928 586
788 46
882 129
864 924
593 50
702 492
439 734
902 210
975 952
542 117
536 174
426 58
7 523
397 619
843 647
388 114
691 635
172 973
324 812
223 327
95 995
939 377
925 294
393 365
752 458
860 797
972 199
792 613
649 188
111 269
85 42
97 628
56 163
408 969
585 655
514 661
967 461
685 558
204 575
303 837
878 971
594 726
331 388
999 845
356 977
675 619
822 974
235 32
606 49
993 412
117 12
245 455
121 201
692 570
509 434
970 932
224 206
760 496
505 731
838 247
726 637
269 680
58 333
97 417
758 958
561 338
923 407
227 802
299 297
514 72
880 520
242 561
637 664
971 972
957 708
902 370
797 584
102 924
174 505
927 197
231 760
253 844
860 232
914 976
954 101
405 811
427 943
814 713
284 556
11 172
414 187
123 64
37 912
319 250
980 800
251 656
712 158
604 148
272 815
510 659
345 254
746 882
339 184
46 785
804 840
817 598
864 686
52 197
364 695
254 743
422 74
483 195
411 878
702 234
498 956
998 881
947 705
839 311
757 730
648 802
920 519
460 320
925 266
818 285
91 676
354 273
972 235
956 736
577 253
282 915
518 554
722 913
338 602
371 174
515 816
210 544
264 408
925 989
553 22
537 953
918 270
350 348
903 734
904 712
814 335
970 717
844 183
619 162
472 129
366 705
40 413
828 494
611 966
775 689
922 103
942 98
836 929
448 994
819 661
253 849
779 259
488 606
306 595
702 921
787 834
975 347
381 126
703 358
885 446
23 643
281 288
580 332
253 36
879 336
59 855
8 963
154 577
195 119
395 361
972 613
789 937
651 952
567 356
405 184
59 565
336 94
190 265
928 626
105 279
506 807
759 208
264 794
194 199
674 221
289 185
308 67
420 645
845 420
683 9
208 363
347 540
656 323
424 751
631 228
887 158
688 624
415 528
640 755
716 38
735 346
4 122
173 861
999 721
624 717
587 467
294 999
577 217
189 19
905 322
339 762
657 801
97 956
852 836
787 979
990 78
26 355
487 240
52 563
836 743
196 582
183 686
831 940
26 5
727 783
124 800
663 435
28 348
115 438
210 953
727 764
374 588
354 706
897 62
785 449
755 751
221 215
488 954
306 631
789 378
888 59
745 342
139 93
380 751
508 276
850 11
483 718
604 62
642 799
493 473
111 990
383 837
24 474
25 775
545 548
987 223
971 754
789 973
827 374
779 985
580 70
727 145
105 354
541 538
894 721
932 987
863 561
253 311
25 545
834 729
981 550
334 601
380 147
292 3
117 800
850 591
101 882
63 398
227 523
507 16
808 819
646 379
105 557
215 688
473 17
41 309
89 33
458 342
687 699
960 824
29 445
892 395
783 212
734 354
203 502
257 970
209 793
201 665
469 757
496 459
151 255
762 986
734 730
321 784
487 135
2 333
744 240
420 431
468 208
2 252
629 283
575 965
923 364
841 299
127 962
347 338
836 618
799 358
213 757
89 959
71 763
241 992
992 824
594 932
831 849
373 511
452 994
89 808
258 295
477 337
405 52
979 915
104 567
996 166
822 303
549 429
77 348
297 868
870 27
12 457
129 163
292 553
178 258
744 115
216 943
52 117
660 284
608 197
683 102
699 254
548 850
498 469
580 43
599 793
945 658
237 79
569 734
38 555
935 824
521 579
99 575
94 722
167 98
669 252
410 961
352 978
821 33
713 744
238 205
819 720
674 539
929 960
858 38
824 234
234 934
385 822
481 985
152 551
750 219
570 581
699 422
174 535
356 414
306 606
576 569
77 550
578 75
235 884
109 851
79 527
777 327
967 460
883 945
790 463
140 272
527 932
785 77
731 777
832 224
101 805
463 130
35 395
897 548
182 558
477 98
371 483
867 422
301 436
230 282
411 412
250 428
452 800
184 786
59 142
226 405
583 435
72 787
319 451
719 147
146 794
107 729
533 987
71 876
992 179
22 336
150 261
985 9
537 829
662 160
974 246
354 967
794 280
633 304
465 486
708 422
999 353
965 273
569 536
770 257
607 876
480 741
506 877
713 473
53 233
2 550
797 361
687 449
381 300
186 298
557 361
116 559
621 11
329 974
666 977
937 655
310 923
761 979
868 913
963 959
693 202
569 468
933 603
474 144
919 664
437 427
87 476
470 460
971 361
185 332
372 998
838 987
507 841
588 246
551 450
882 791
995 204
647 943
407 330
445 243
428 999
69 679
688 691
212 337
485 867
146 195
644 70
44 890
482 235
781 347
175 60
446 13
52 681
100 555
237 930
16 312
576 803
798 134
223 674
425 793
942 278
467 242
329 245
607 238
832 204
117 126
87 69
799 536
250 337
700 435
791 100
543 428
482 956
878 542
20 576
421 527
559 361
546 664
50 875
235 301
920 16
331 798
558 51
10 461
448 530
90 703
642 22
37 704
495 132
177 453
175 854
76 717
23 642
928 806
820 764
53 769
73 645
985 932
586 589
916 190
242 903
295 147
778 187
751 250
73 999
755 255
259 866
21 655
884 409
8 546
674 107
416 327
115 651
590 303
154 69
726 319
982 149
450 122
177 786
965 800
312 7
756 578
995 266
687 576
726 174
289 297
588 139
369 251
613 808
640 756
454 828
347 652
901 243
963 582
621 94
198 305
145 187
131 376
39 675
481 739
136 386
193 215
819 135
147 514
520 104
893 281
31 608
88 42
450 593
14 342
821 590
715 455
787 978
875 253
490 277
117 82
121 23
32 544
895 71
698 641
92 656
143 788
271 293
799 372
893 633
718 631
830 640
176 874
448 975
509 234
75 672
352 43
291 165
452 30
367 365
442 20
978 66
799 48
841 842
625 995
276 403
538 810
354 911
281 259
581 904
565 531
380 863
254 864
901 625
337 116
266 56
160 555
146 530
829 783
611 563
873 219
121 798
674 28
180 341
822 140
825 920
312 197
494 45
286 488
632 398
669 279
655 804
664 393
777 878
564 354
198 736
158 760
938 187
186 964
389 225
856 544
895 705
108 757
569 125
274 35
57 849
721 330
66 129
249 761
801 338
910 428
749 124
94 307
132 20
5 290
189 197
159 44
838 690
35 803
471 779
153 684
501 196
88 919
35 688
400 371
438 735
815 87
732 759
749 303
553 476
607 145
240 961
828 717
810 437
415 157
244 905
5 597
616 636
818 1000
878 924
386 92
387 301
581 391
503 809
953 992
292 150
865 188
761 3
898 240
784 966
732 900
136 174
214 989
617 604
338 103
429 444
50 819
733 110
182 284
755 714
148 420
48 208
174 368
286 366
235 386
202 601
974 155
675 26
896 349
842 521
849 275
189 978
101 166
876 40
661 68
955 363
426 375
851 426
638 998
900 20
73 558
848 356
490 996
688 253
191 26
655 907
363 865
346 512
259 954
354 612
850 673
771 609
972 908
649 375
171 247
88 567
711 497
15 490
152 552
844 37
815 420
527 16
53 409
40 984
57 990
96 948
243 775
373 892
999 536
695 975
517 507
719 737
635 502
247 964
692 887
505 68
761 332
652 549
799 662
213 965
676 419
786 287
132 640
279 190
818 908
838 459
530 685
421 665
794 165
558 826
865 420
871 401
787 744
700 31
728 135
201 870
50 836
435 642
24 599
225 234
370 632
483 811
48 252
232 617
728 622
633 163
515 432
741 680
134 232
764 543
818 419
827 467
261 409
950 31
988 838
59 698
461 194
707 246
500 536
929 272
656 552
452 411
916 10
792 24
538 516
133 864
817 507
659 488
778 486
483 372
411 755
48 663
51 536
548 716
952 461
687 3
920 875
155 758
781 662
694 685
454 582
146 399
700 810
972 7
169 822
920 666
557 667
62 11
35 925
677 470
968 678
199 150
554 419
517 61
167 500
709 343
959 872
339 627
601 836
632 898
248 695
209 727
720 245
360 581
769 853
274 269
368 112
539 315
478 245
620 326
301 709
753 867
476 462
614 812
16 363
658 822
339 943
620 100
732 558
879 809
71 412
623 915
443 989
886 291
637 999
774 734
650 984
939 961
338 156
174 206
657 272
628 269
504 443
603 985
36 314
721 630
352 255
901 465
978 95
851 151
198 194
26 829
529 623
287 907
716 815
786 631
48 119
600 516
219 254
293 859
66 10
794 748
580 221
138 72
176 139
840 98
987 245
917 226
332 774
445 737
154 766
525 989
587 824
181 39
366 93
404 378
347 871
155 948
484 40
711 667
164 310
904 509
523 341
75 690
713 679
695 627
455 238
113 915
789 762
995 269
833 442
155 722
800 813
820 160
345 192
346 811
388 75
195 636
27 412
213 441
142 127
420 613
536 902
518 746
522 761
900 910
246 435
709 825
855 623
496 288
181 524
493 746
757 557
140 507
222 75
408 771
500 425
579 518
263 848
433 464
452 564
605 538
532 656
37 222
924 330
457 427
19 684
519 863
23 140
213 622
162 976
239 738
23 253
795 332
312 778
508 705
611 996
978 289
447 550
874 350
859 558
970 845
98 925
794 447
335 861
965 182
92 812
558 447
941 77
339 391
512 531
984 976
953 391
951 148
864 38
168 765
850 9
525 543
513 255
531 177
76 577
404 186
367 4
589 453
215 14
151 869
660 233
95 564
522 714
341 980
163 512
458 656
479 826
978 806
52 264
327 137
510 824
575 220
333 289
401 385
238 166
739 991
462 814
971 304
748 188
973 482
188 683
136 65
393 374
587 352
998 348
497 314
249 425
817 975
643 419
937 909
868 494
696 343
112 46
375 163
494 840
354 777
417 983
804 709
970 173
773 718
867 319
905 606
46 128
620 29
725 325
393 835
334 703
245 480
139 447
502 497
912 253
272 92
336 815
944 782
745 645
233 441
123 893
876 341
608 667
573 339
560 542
133 806
493 218
783 936
771 848
42 864
941 32
839 641
976 637
409 800
104 584
298 832
398 639
129 161
665 23
996 455
363 919
286 9
548 356
287 720
271 767
517 755
419 424
77 188
966 866
261 309
279 940
466 629
711 829
802 251
507 355
185 235
501 833
268 872
930 151
949 233
56 888
552 925
977 144
650 54
450 48
821 47
90 91
842 970
42 454
479 175
100 208
316 536
288 57
401 254
120 737
887 64
764 269
490 918
201 601
308 347
415 487
57 989
811 324
725 406
619 639
502 17
873 643
507 909
97 905
574 229
579 561
429 586
505 156
322 570
221 296
294 700
631 893
28 328
88 227
554 768
297 377
705 148
64 28
620 1
144 228
489 559
761 173
118 882
122 369
40 420
995 588
562 25
672 569
361 360
487 465
625 767
55 244
617 575
50 980
466 616
552 430
330 566
628 345
410 797
478 884
817 62
49 148
567 206
805 725
849 493
888 117
769 44
571 120
864 238
883 186
466 966
855 288
881 941
579 290
150 132
491 972
973 102
556 18
890 836
301 681
820 943
4 732
423 154
801 78
622 230
4 867
650 189
778 374
1000 442
161 299
787 508
242 293
344 301
894 805
772 511
773 66
89 31
863 463
942 570
179 10
531 225
626 353
710 540
799 740
122 64
22 649
586 828
338 235
317 793
728 96
486 688
876 104
645 459
350 323
978 536
154 502
265 823
107 58
457 31
206 386
814 189
874 488
893 604
838 71
864 334
334 30
371 366
723 133
207 28
408 275
651 497
395 63
470 721
415 176
127 927
439 814
679 277
461 818
181 403
128 769
96 245
758 699
337 253
525 762
680 456
220 302
883 150
465 81
564 763
712 46
77 264
717 291
976 867
813 894
177 566
252 238
260 130
716 193
426 223
116 700
924 993
232 463
183 186
632 102
583 604
267 658
972 981
722 556
526 964
952 89
535 910
699 740
523 562
742 698
506 434
288 97
821 825
933 863
790 824
679 385
627 367
198 311
203 463
705 897
247 798
984 200
282 869
411 139
508 909
217 328
183 679
312 564
442 623
445 360
785 11
986 700
933 403
718 859
168 19
83 480
600 54
852 880
983 672
567 626
809 302
168 162
956 203
343 515
202 321
19 909
796 595
914 738
20 725
427 701
193 819
548 99
336 428
81 818
957 945
262 265
944 496
232 418
961 853
764 232
206 90
499 204
135 426
306 852
328 996
936 739
668 798
704 591
409 613
16 324
584 53
362 592
725 972
561 859
871 578
894 673
842 836
699 949
186 736
902 234
300 559
217 718
15 391
459 313
846 951
569 18
643 887
114 465
812 658
282 645
155 689
204 392
551 55
511 714
706 60
47 884
947 826
109 741
611 361
481 668
482 79
853 172
502 10
13 789
172 942
398 881
554 11
1000 55
223 199
31 689
827 702
795 156
603 114
136 271
544 156
286 769
749 301
640 879
753 810
681 21
59 409
529 89
767 473
865 321
973 950
868 910
538 165
974 588
847 454
162 612
914 695
718 448
441 404
666 507
568 579
452 124
382 501
741 235
546 416
966 525
915 749
736 30
42 899
903 116
211 604
12 603
50 738
659 752
857 294
422 638
663 916
833 805
764 987
765 14
346 172
916 112
594 374
522 235
206 848
959 434
484 18
461 643
290 311
153 114
935 389
997 593
318 409
889 184
548 682
570 878
879 216
963 853
378 479
655 171
731 465
894 959
290 537
238 835
609 22
481 990
949 670
138 581
624 554
877 920
197 153
184 251
166 63
497 426
303 242
674 994
971 212
845 541
756 858
688 650
242 562
329 508
113 277
442 709
800 163
415 522
583 868
972 417
425 802
500 482
192 979
304 701
141 38
865 508
24 780
867 346
818 906
356 989
22 154
528 379
286 543
857 705
162 537
732 177
771 145
791 178
237 749
98 743
5 873
144 387
419 11
370 743
81 600
651 468
103 203
949 743
16 205
698 921
662 52
901 772
770 729
906 746
470 549
716 773
42 980
63 958
477 751
457 527
646 875
495 67
632 123
621 785
380 897
897 135
147 480
954 976
383 798
831 266
615 419
842 781
920 79
538 514
100 407
941 711
397 937
74 822
458 681
773 286
867 936
960 827
685 706
212 920
30 265
432 552
497 22
884 155
777 164
530 404
109 385
754 118
76 78
773 48
761 818
905 72
355 1
63 336
229 568
89 450
342 777
143 456
147 781
556 599
632 789
209 580
393 397
584 920
877 13
623 473
551 332
771 260
358 710
411 49
549 891
776 217
649 813
106 714
89 312
515 820
937 106
369 536
44 772
178 126
822 831
580 38
594 694
351 553
814 339
467 100
788 874
109 743
628 617
84 987
71 559
827 821
315 25
117 157
637 598
896 586
699 383
228 701
541 956
272 323
980 499
845 907
955 183
928 825
470 944
772 890
115 3
190 467
928 680
286 70
937 974
521 527
638 515
8 598
301 635
252 239
848 302
940 342
356 964
53 889
860 413
369 414
759 649
320 742
910 693
324 578
109 468
977 872
501 602
583 748
994 749
96 784
338 905
800 926
963 698
892 268
469 45
513 639
532 461
492 130
702 21
523 642
674 554
632 449
861 748
346 587
844 510
719 290
923 102
931 595
749 328
499 647
936 507
445 141
630 245
870 676
946 140
692 984
662 688
39 787
925 814
610 464
886 362
226 489
852 405
230 289
325 499
110 891
202 334
349 493
98 687
232 645
50 778
474 590
262 383
974 88
339 280
987 705
987 388
594 222
101 318
232 419
49 211
824 807
400 515
93 650
578 874
650 687
244 266
634 926
675 240
842 611
845 768
189 828
171 337
281 433
266 39
86 684
201 255
660 235
826 223
976 832
178 291
512 418
342 373
180 336
258 366
845 98
115 317
371 679
119 349
51 549
803 626
237 242
332 10
794 787
302 854
285 156
489 993
989 948
525 492
557 592
477 373
742 724
726 201
730 4
571 383
971 306
902 932
209 627
7 704
891 123
801 343
179 423
346 700
184 335
367 742
649 139
759 32
678 892
1000 657
285 559
806 129
71 34
858 740
386 646
499 819
285 704
606 316
259 61
44 829
960 350
87 965
511 9
439 316
421 273
305 199
154 444
266 722
490 372
364 349
817 54
652 354
213 512
453 17
479 390
314 681
560 641
867 543
596 71
672 543
741 991
387 716
157 702
694 463
842 338
441 411
244 72
689 205
874 195
750 982
70 452
737 217
497 604
825 582
29 533
550 845
224 867
206 951
758 736
798 347
690 576
913 251
140 609
666 1000
485 539
818 706
846 71
150 718
848 359
9 315
394 359
786 549
56 890
185 90
831 247
570 879
733 753
437 308
250 915
556 920
66 478
752 737
955 273
790 903
972 30
172 726
657 562
704 543
916 693
976 360
899 866
652 883
890 482
709 878
268 612
915 503
456 969
268 763
639 811
282 811
286 979
164 267
862 166
170 612
870 669
887 273
304 702
356 847
657 126
573 34
97 873
334 622
905 632
583 137
35 399
163 322
535 490
719 377
545 690
74 250
718 515
511 259
168 379
757 39
615 905
541 806
600 158
585 206
770 72
559 710
637 546
909 915
699 451
159 438
831 599
104 678
324 427
308 966
724 217
506 527
828 523
358 612
725 994
561 128
419 733
786 396
682 660
310 893
719 723
138 34
582 681
860 267
207 240
115 324
189 725
221 414
376 664
731 30
109 350
163 730
901 360
947 550
211 863
307 903
171 212
372 883
214 106
915 226
223 136
697 164
195 619
832 2
493 882
367 681
753 518
869 535
981 941
787 220
574 52
759 232
265 714
195 905
142 128
165 97
595 709
759 153
139 650
265 603
361 782
268 366
341 288
715 479
936 256
156 271
878 1000
828 133
848 715
944 906
567 616
942 17
823 386
182 526
371 451
353 92
575 793
5 211
395 851
841 231
839 916
700 62
352 404
244 226
705 400
926 552
563 878
476 134
359 243
897 806
974 820
816 434
279 530
858 789
413 696
76 890
223 997
573 522
851 152
924 772
324 120
236 796
958 763
444 689
284 926
140 602
937 442
977 419
320 938
281 468
582 634
768 962
111 54
756 313
498 25
672 612
216 794
590 128
404 261
635 553
102 622
341 942
397 972
803 601
787 316
271 983
275 16
25 761
688 279
489 516
656 126
535 795
682 829
919 696
356 380
857 305
51 486
507 248
952 91
118 614
364 728
630 526
637 718
616 72
947 800
549 572
496 601
521 91
868 358
191 531
325 557
535 622
792 674
740 312
529 337
184 402
809 749
390 874
118 111
389 589
277 975
58 970
353 158
429 801
13 938
311 285
278 78
390 916
619 244
781 93
914 574
199 584
314 658
387 322
62 832
733 405
861 192
438 819
420 282
793 800
956 180
742 333
141 416
474 591
36 202
239 461
137 917
82 162
954 196
70 761
345 943
888 64
894 643
382 302
241 682
239 163
578 875
465 34
600 739
364 52
767 601
321 728
794 719
63 838
137 595
985 900
879 480
826 220
350 758
495 491
225 723
195 487
432 915
307 545
289 126
396 822
464 4
427 136
449 368
458 218
621 762
569 423
521 658
811 46
668 429
940 458
502 174
323 472
894 287
807 58
351 398
543 524
624 512
108 753
289 457
866 453
39 285
612 33
388 43
752 420
623 419
259 286
702 54
356 630
216 161
531 307
938 872
499 818
26 430
243 988
30 770
895 944
473 935
718 923
520 8
446 978
452 555
994 156
71 323
367 117
539 149
191 890
250 290
348 891
24 929
264 532
247 691
572 556
197 394
549 229
476 215
280 634
988 778
250 604
684 547
376 82
361 258
922 395
142 607
741 559
999 491
983 998
859 700
956 248
418 954
718 369
478 814
751 491
977 346
79 430
634 947
466 993
251 541
621 616
148 117
77 185
464 194
934 896
48 385
105 176
587 884
347 159
943 533
707 175
871 608
731 53
270 435
915 826
592 861
789 861
204 403
148 718
748 77
704 843
945 631
927 547
52 239
324 628
787 372
953 92
39 35
164 900
902 871
171 235
696 826
787 485
403 492
104 293
787 82
915 393
735 264
421 240
398 160
347 712
563 296
692 204
145 135
915 359
330 909
795 205
189 86
675 819
514 623
238 765
903 867
193 268
415 645
607 241
679 548
738 96
118 966
654 290
197 477
667 875
240 880
24 957
46 18
966 419
969 413
370 658
331 664
978 341
317 581
693 974
590 638
239 404
408 314
721 526
971 423
508 490
491 764
20 894
884 125
498 272
447 345
608 119
366 875
102 250
832 591
907 415
12 633
769 82
902 406
854 639
102 752
693 307
549 822
684 523
970 921
725 898
63 239
564 512
837 88
592 825
702 434
705 638
375 190
890 390
690 297
180 440
798 60
518 480
441 844
632 569
63 461
108 682
419 243
920 670
705 664
682 161
350 819
791 590
612 249
88 821
363 397
832 840
208 638
209 715
283 76
414 337
388 257
905 441
655 333
752 202
923 13
959 731
451 796
465 1000
678 957
322 831
487 91
164 14
112 343
421 697
780 496
638 388
585 792
951 377
352 405
504 80
508 552
235 288
554 660
747 141
72 131
918 844
867 820
462 120
928 972
487 543
366 916
353 767
647 151
780 820
765 210
91 399
110 409
55 360
618 37
294 992
985 943
641 75
147 510
116 921
872 279
195 10
234 556
788 125
720 347
591 616
480 996
621 533
968 921
418 422
350 565
242 98
526 600
271 71
204 42
483 229
247 68
251 1
414 597
346 823
221 937
639 553
938 83
939 310
482 311
194 483
180 178
611 37
199 659
705 789
99 34
136 56
726 909
673 375
213 54
18 68
881 244
493 742
477 737
61 994
118 253
283 40
75 138
882 534
601 70
286 808
35 616
472 398
990 48
113 428
887 728
763 470
32 950
434 110
844 557
260 590
192 140
102 387
526 483
36 21
18 520
312 17
206 413
852 407
124 830
72 961
352 433
374 582
92 435
112 593
223 504
746 912
1 229
936 968
205 381
867 848
873 275
249 521
25 152
353 571
855 372
418 121
521 728
224 712
925 927
289 908
250 291
517 556
310 826
349 960
417 836
485 256
717 85
873 879
713 758
717 38
77 839
5 250
69 951
768 380
695 595
1000 224
609 790
890 605
247 40
263 711
782 333
786 880
238 789
630 619
936 77
398 197
97 752
773 903
830 200
27 237
709 793
545 872
268 721
181 620
147 692
131 347
986 408
485 934
624 894
218 739
114 912
946 223
50 488
357 657
377 51
654 327
294 725
362 313
255 54
859 241
781 800
88 297
662 973
425 630
211 37
112 494
865 32
520 581
150 128
297 588
553 897
823 235
741 558
863 740
249 692
17 534
407 729
736 162
112 716
77 865
816 202
375 657
614 384
867 989
390 76
730 563
286 13
968 100
237 545
793 383
496 909
821 265
896 112
403 916
938 471
811 879
703 853
302 918
398 357
860 464
797 417
342 6
604 941
751 942
459 294
976 76
960 833
228 489
892 80
251 88
99 505
165 408
384 593
792 334
423 976
942 832
377 546
161 289
860 869
868 168
998 991
503 343
472 185
826 676
705 989
482 110
728 362
382 751
99 511
353 507
209 895
49 994
473 898
295 553
413 821
697 915
432 271
168 95
910 387
390 962
912 334
615 826
676 142
589 859
680 73
952 686
476 180
629 106
336 783
232 688
712 634
16 177
348 126
188 983
615 24
33 914
894 209
913 598
323 775
902 920
176 902
935 614
846 391
774 409
336 700
137 573
923 650
565 549
140 688
788 260
495 76
206 913
79 397
106 365
125 223
860 150
185 154
612 727
404 508
741 437
689 346
565 711
323 164
539 980
812 416
582 830
108 901
39 113
665 642
189 580
100 97
433 914
566 322
994 597
80 253
343 676
986 241
489 959
385 310
597 409
446 431
618 900
195 621
363 511
125 756
808 640
200 821
956 520
223 27
355 147
986 787
751 529
592 134
777 276
687 889
377 280
435 184
226 47
972 369
866 236
535 752
360 724
58 661
965 520
468 48
431 172
348 542
877 210
361 85
566 936
454 406
991 693
409 311
324 266
199 614
260 762
634 453
681 268
274 970
940 751
905 884
305 32
864 305
520 541
206 160
152 443
295 474
166 934
941 100
536 729
876 111
966 569
769 147
491 731
827 389
189 932
764 808
633 470
561 81
375 601
86 532
825 676
116 875
137 682
235 84
418 197
132 619
533 445
275 421
478 429
66 354
375 236
232 6
198 879
630 961
995 419
359 824
512 231
949 94
555 630
346 901
129 681
668 506
502 768
396 30
982 598
276 543
243 676
651 637
17 345
878 334
826 749
497 273
902 590
299 551
84 471
946 470
307 582
434 258
153 730
830 188
339 643
947 960
360 678
587 89
790 542
273 162
535 334
717 679
277 554
169 465
91 770
36 903
848 681
297 437
890 741
31 908
468 298
767 438
913 867
309 874
295 779
315 201
562 74
158 513
844 802
160 868
439 104
316 287
887 878
196 355
470 646
179 599
110 745
680 144
573 443
775 803
82 118
400 973
343 381
921 59
138 311
395 428
36 426
647 250
627 204
936 743
315 738
262 47
746 194
43 578
416 411
589 312
138 248
980 871
674 22
177 61
539 924
890 888
542 1
229 778
216 615
273 544
73 790
133 52
872 18
530 584
379 98
145 543
454 624
38 883
60 671
262 619
489 198
873 904
765 682
17 692
915 111
420 567
517 239
705 839
887 123
530 362
837 7
700 606
80 483
670 534
549 687
87 736
182 904
860 928
8 239
549 816
917 828
924 308
120 102
16 281
952 949
792 862
905 577
908 864
947 250
396 76
144 253
731 851
439 430
403 876
962 888
852 69
945 493
598 545
446 818
362 329
25 319
504 26
514 205
733 503
182 359
24 577
187 31
336 947
98 590
63 622
486 41
71 641
989 158
917 353
673 709
656 405
41 711
850 87
79 315
83 609
653 504
614 964
305 330
548 274
845 848
883 165
78 65
667 676
86 604
916 141
609 373
522 260
885 736
50 512
543 430
539 971
388 949
805 298
195 453
622 348
769 278
92 139
293 624
264 842
929 104
199 394
54 395
151 743
320 545
356 167
855 863
717 858
590 408
812 626
670 336
657 567
494 412
795 929
1000 353
319 531
398 166
240 182
256 651
421 79
479 473
544 266
655 506
484 202
353 506
394 920
325 884
1 838
364 158
238 643
541 400
255 68
477 970
369 705
335 476
266 757
769 886
921 439
596 247
801 813
676 143
461 551
596 102
413 644
107 371
969 108
989 113
918 55
514 329
357 999
267 451
475 356
335 784
194 644
931 57
996 697
509 29
828 663
599 724
11 87
360 307
629 328
785 684
200 156
665 502
663 583
337 37
279 862
251 571
264 520
20 219
85 688
450 335
293 899
497 808
802 395
414 861
424 989
631 506
820 859
911 140
422 459
299 284
66 33
86 36
759 757
200 679
223 245
240 323
591 566
920 527
483 245
999 677
321 6
263 927
868 917
570 723
284 419
387 175
450 725
534 101
643 510
277 676
743 561
51 75
18 768
147 604
957 115
981 381
654 141
767 79
605 417
456 616
681 81
990 229
477 46
795 457
889 406
965 809
903 442
715 318
553 175
795 358
210 826
652 293
158 554
715 655
991 618
351 715
248 232
602 791
992 231
261 692
686 111
282 369
697 280
686 222
104 630
1 296
8 257
201 496
599 760
105 108
965 510
77 238
264 597
797 725
279 866
750 751
567 463
860 379
702 626
168 805
38 618
132 507
719 545
891 388
88 724
668 311
556 898
460 47
8 696
336 229
462 933
899 349
270 280
91 845
221 822
111 390
8 263
282 682
962 216
670 281
998 698
359 904
216 426
53 313
69 755
289 403
772 472
14 847
611 618
892 383
195 985
913 294
697 383
950 859
522 819
147 666
919 264
540 963
333 891
246 36
835 521
625 237
878 681
257 651
207 443
688 805
782 947
372 18
970 179
553 489
717 678
45 701
193 458
356 770
568 746
195 921
715 333
19 690
459 969
259 227
373 193
836 751
965 781
461 805
476 206
315 200
499 663
886 257
562 75
413 731
213 729
339 527
224 142
166 737
62 982
139 375
569 782
241 845
292 863
774 591
655 391
25 314
747 363
486 157
641 282
239 319
386 439
261 569
542 586
836 163
106 384
915 724
534 446
370 269
506 65
926 436
93 567
703 674
154 685
727 312
716 559
536 445
846 158
464 104
64 850
121 807
711 740
344 65
661 267
708 810
638 687
622 304
733 745
437 476
42 492
775 388
984 881
617 336
285 152
310 757
613 996
541 71
449 407
14 249
696 912
364 774
844 56
419 414
908 733
195 548
470 382
808 601
496 417
313 561
813 924
810 154
919 300
425 952
777 339
999 578
505 138
86 441
234 422
680 674
202 170
758 495
26 476
563 239
891 714
785 89
490 737
184 544
520 154
153 983
460 757
62 513
157 999
999 800
191 871
123 533
345 534
463 39
999 177
467 32
987 681
256 225
405 548
909 794
892 950
549 371
310 297
77 119
899 284
978 511
941 137
45 980
407 557
711 797
515 204
127 454
689 193
673 708
111 804
852 800
994 204
301 780
656 293
456 203
438 431
21 125
495 42
347 99
935 674
392 546
245 832
673 768
893 165
414 870
219 474
574 704
206 708
137 451
195 341
267 576
307 943
971 500
223 259
547 725
464 370
342 435
234 772
510 937
773 199
665 966
138 590
687 758
778 702
28 49
618 817
216 273
35 887
550 138
846 835
80 448
833 134
450 718
382 749
847 621
961 250
321 859
911 668
202 206
790 455
792 780
407 909
246 159
66 561
382 975
588 654
537 932
796 835
827 959
644 799
614 613
852 90
306 322
880 803
656 800
675 368
435 651
628 304
689 156
407 561
624 439
984 705
115 780
45 73
28 953
984 543
381 81
552 291
664 925
883 275
958 707
25 165
764 534
103 101
833 436
805 672
2 655
115 42
388 628
618 447
875 548
487 986
664 187
839 561
276 193
703 762
941 689
10 21
673 35
716 631
238 407
720 370
849 18
78 380
376 668
971 515
481 787
189 578
166 805
134 333
318 446
122 551
284 378
838 817
38 809
379 45
566 499
623 262
535 864
590 501
373 519
134 623
36 276
750 255
638 373
611 343
846 658
613 653
999 676
450 675
861 643
181 561
75 18
713 1000
486 584
348 617
165 109
645 275
403 600
776 222
852 556
804 866
702 124
161 783
221 439
487 717
519 897
645 582
933 877
641 531
628 741
295 758
279 441
173 214
606 820
989 84
3 427
791 322
137 893
414 339
644 783
823 45
405 116
717 929
693 705
417 334
533 872
874 823
980 623
603 764
569 572
152 807
635 719
547 917
56 984
823 864
238 448
588 949
261 576
863 964
243 973
793 422
47 651
695 475
21 760
480 854
501 692
922 577
912 927
364 114
802 287
317 137
928 361
324 990
709 903
133 240
961 279
264 97
392 54
809 768
51 283
179 334
270 59
147 812
991 215
39 714
468 880
35 783
400 496
588 97
107 983
903 902
908 536
106 713
847 549
95 192
343 842
880 62
771 417
97 804
294 766
406 388
722 168
303 772
89 648
250 162
329 153
516 139
790 382
585 936
433 171
125 140
40 467
573 215
740 888
597 721
999 29
947 446
804 29
110 892
516 425
520 940
315 56
232 650
474 587
736 298
862 702
331 818
279 562
410 399
824 957
162 316
948 899
360 478
2 853
44 184
651 352
805 663
967 319
153 336
656 329
875 607
255 121
436 673
642 788
347 6
21 457
501 965
485 188
198 943
732 403
932 637
773 447
945 766
584 394
507 461
879 84
113 854
789 837
186 746
959 21
708 811
747 839
91 827
94 654
834 833
158 415
806 283
43 973
960 166
82 877
895 713
535 936
277 904
919 585
619 763
636 187
216 310
125 698
990 870
97 757
596 537
652 731
744 174
411 79
731 518
535 654
114 572
61 3
504 608
984 170
342 532
900 424
848 617
64 152
507 708
637 638
849 941
496 339
102 467
653 929
568 647
244 858
537 632
754 718
774 895
576 146
23 169
135 947
687 134
362 183
658 904
75 614
426 936
79 118
740 796
430 772
241 927
280 749
938 907
470 672
491 903
921 100
443 248
461 716
858 713
529 927
988 84
757 273
318 583
923 675
563 584
250 853
911 37
829 577
572 650
797 747
263 748
984 450
585 273
953 277
812 40
100 362
68 968
841 584
346 182
204 312
205 209
223 157
871 668
234 611
608 316
241 261
719 536
945 619
837 941
342 5
994 588
77 872
26 970
461 393
9 24
281 803
622 188
609 823
403 496
557 687
839 327
817 770
869 694
507 164
109 40
971 213
240 345
259 652
21 786
665 913
915 506
131 299
978 890
652 845
943 456
545 777
731 610
921 746
388 297
562 716
501 160
502 155
415 752
342 560
92 899
112 65
795 126
869 801
289 719
838 432
165 938
465 896
266 755
174 984
361 567
894 362
107 87
309 831
748 899
349 14
856 158
878 819
171 835
724 157
927 280
965 85
291 122
947 837
610 4
512 948
641 720
583 89
773 998
137 977
484 504
582 369
284 248
324 1
770 359
275 575
348 352
105 118
385 316
375 999
157 336
106 360
436 665
110 368
119 482
138 47
232 158
431 934
401 663
254 563
578 625
1000 131
985 625
479 271
392 317
925 77
947 557
394 407
520 91
271 642
137 79
321 250
764 74
877 997
824 143
592 91
739 796
151 634
165 266
847 802
848 132
668 183
765 961
895 534
695 954
402 319
4 31
395 331
504 553
86 375
537 869
863 69
350 504
78 987
583 865
914 309
867 239
165 967
754 647
80 858
230 684
1 242
468 273
533 76
328 420
549 143
944 542
838 971
547 459
505 268
895 772
685 297
387 762
462 162
563 885
802 519
178 301
126 207
642 124
774 609
742 309
943 518
488 584
859 587
704 348
633 362
997 713
689 8
429 269
140 704
110 562
435 900
438 485
186 2
134 226
120 258
985 770
747 431
601 673
390 11
618 400
698 508
988 802
21 293
719 690
647 433
831 340
580 84
926 120
246 423
767 646
699 942
648 652
423 38
410 927
158 273
587 897
661 358
385 683
910 703
234 714
511 590
242 241
190 17
32 415
758 183
470 481
481 536
501 469
265 271
749 143
184 185
173 851
545 832
564 36
655 399
143 780
493 738
596 629
692 128
142 353
435 153
345 268
780 470
614 881
523 870
339 885
69 420
786 460
553 495
771 416
322 748
587 184
771 49
629 269
187 278
259 229
214 943
334 730
101 737
283 616
488 646
680 4
290 749
178 660
839 516
612 854
810 794
426 727
232 538
732 901
714 382
953 542
495 163
921 56
27 228
860 740
513 326
50 890
775 962
982 851
51 924
231 570
327 955
733 852
215 654
121 361
632 185
6 148
941 359
945 876
379 171
518 243
629 532
78 266
778 68
424 776
647 298
229 823
581 546
711 631
787 351
256 277
459 318
395 247
437 667
483 180
484 859
837 857
713 843
392 111
773 225
80 184
74 554
769 602
494 391
939 278
726 50
375 384
397 350
493 821
222 269
204 808
27 225
815 376
247 842
89 88
217 147
754 410
517 398
888 856
460 529
503 621
991 488
903 890
814 435
385 910
891 716
752 22
164 364
292 441
354 193
295 970
353 189
300 604
374 277
891 701
75 415
382 800
878 933
429 657
538 947
939 867
726 617
107 507
453 27
809 371
714 432
672 219
757 510
225 197
467 457
687 487
654 532
605 58
756 186
116 25
867 739
228 627
543 228
345 825
606 668
224 906
408 193
634 589
306 736
219 129
993 954
117 666
337 62
444 886
512 358
46 299
146 988
493 435
93 537
920 203
81 49
320 919
836 230
745 90
216 808
270 517
256 211
557 379
265 139
717 117
169 551
391 970
321 364
564 472
727 60
547 650
532 62
316 673
578 268
744 60
779 535
964 545
470 446
591 834
770 199
777 2
599 343
268 915
342 228
91 548
921 975
424 657
647 957
485 740
808 567
346 666
298 281
871 988
415 610
454 140
792 671
903 969
797 680
947 61
362 764
22 947
575 525
563 205
903 880
931 529
71 290
885 741
537 938
754 608
683 676
157 969
156 572
31 944
179 837
320 9
170 896
746 675
487 387
195 49
348 971
476 176
421 529
850 389
667 857
151 360
616 895
546 650
299 895
594 894
831 895
443 150
45 54
121 304
858 827
415 196
883 356
167 615
921 71
850 167
262 313
543 216
272 493
342 691
797 605
689 124
51 935
1 82
936 531
665 507
133 693
261 384
814 724
319 158
360 325
237 513
917 213
941 687
559 768
232 327
17 821
954 842
6 495
797 272
708 221
391 547
677 874
694 920
109 344
313 179
336 252
579 72
670 145
584 338
507 101
330 534
100 252
198 545
470 474
185 346
612 23
285 22
916 599
850 670
367 695
189 147
564 65
239 665
751 541
353 426
128 677
354 69
562 542
299 588
360 590
516 2
94 18
814 491
996 916
456 619
19 667
168 63
166 542
563 86
18 545
516 288
790 195
24 926
386 29
665 595
46 51
1 498
455 252
775 682
297 639
926 530
158 696
953 656
319 563
349 307
500 897
747 128
515 128
714 347
664 588
257 10
145 861
404 190
8 895
906 792
284 916
176 53
470 971
3 728
764 939
163 85
238 454
76 421
538 766
704 746
7 785
580 85
769 528
475 769
149 448
800 600
319 912
214 174
660 60
608 485
829 963
367 900
66 401
233 608
566 290
513 854
53 149
347 504
43 995
688 412
321 197
89 161
731 286
532 357
644 383
845 298
676 66
243 680
597 441
464 715
804 869
159 942
94 349
4 109
846 748
835 637
52 881
661 793
83 541
451 961
804 603
363 253
293 218
683 974
705 10
27 324
743 598
235 967
680 856
913 982
443 276
95 480
585 56
351 522
871 323
245 388
317 535
963 599
144 435
806 238
92 281
228 713
15 992
159 101
804 110
435 709
854 875
296 669
44 299
341 576
410 397
798 633
896 476
58 507
370 441
221 609
941 68
799 58
729 794
28 170
885 615
467 506
530 896
453 523
826 119
8 891
451 171
968 220
4 638
811 774
161 77
418 340
972 787
846 780
20 988
704 869
901 411
474 175
540 638
337 669
519 547
289 338
109 433
420 684
631 300
268 1000
507 154
274 25
208 797
144 565
531 67
894 869
96 930
795 886
890 312
765 904
126 878
363 328
679 472
627 987
65 454
485 929
862 205
238 272
921 701
459 714
908 909
819 26
961 620
494 960
297 260
5 603
265 615
364 340
862 495
19 723
847 345
60 61
409 243
743 344
598 549
527 619
497 845
844 989
672 492
913 732
443 141
71 893
935 1000
439 249
206 156
102 29
575 103
54 358
328 42
910 831
510 310
996 633
297 849
194 559
231 712
894 408
491 679
997 913
138 422
581 850
413 224
620 760
287 731
915 610
530 678
868 642
760 779
510 649
393 844
586 404
855 388
289 931
579 478
872 340
835 104
447 150
414 869
181 102
664 64
593 46
544 534
302 778
640 505
143 222
200 544
424 628
298 85
311 566
821 167
345 150
218 140
203 208
367 557
570 45
905 84
964 689
549 621
414 662
422 141
886 998
243 864
321 62
213 120
655 81
731 759
625 72
915 508
711 634
991 41
683 872
353 397
99 97
511 351
468 938
450 717
344 120
400 314
471 801
847 622
527 824
565 501
112 67
365 623
458 83
630 133
614 830
226 215
193 262
457 409
884 528
848 742
942 368
66 703
909 89
218 994
700 418
81 694
79 935
154 10
306 321
953 778
666 481
261 971
361 343
303 540
58 337
334 386
372 113
380 580
399 706
594 976
384 313
667 347
888 15
449 837
880 871
470 573
965 108
828 659
192 554
134 461
237 623
897 110
242 775
371 985
262 88
46 579
569 662
641 97
327 898
544 852
392 449
923 943
55 521
251 684
696 527
508 550
719 996
313 65
591 402
663 801
924 615
835 68
138 941
216 692
660 781
989 723
919 828
497 189
243 433
977 2
483 382
677 536
865 906
829 559
521 326
425 313
760 628
284 484
860 727
241 1
246 306
543 962
522 715
85 97
801 272
86 282
87 567
476 674
568 500
108 469
862 250
700 753
26 480
902 641
834 331
784 700
804 695
154 332
184 731
519 877
300 549
283 273
308 836
202 451
888 43
921 407
940 597
98 272
814 202
840 577
774 724
690 511
748 329
575 270
804 75
311 69
922 154
82 143
690 334
33 945
430 941
913 565
115 237
244 399
7 477
564 942
999 297
909 513
590 826
168 523
78 18
235 641
659 707
732 65
534 257
719 926
100 300
306 907
328 687
276 855
872 428
945 544
285 31
878 134
313 206
665 609
481 828
20 994
8 478
125 13
735 424
720 127
350 55
550 54
95 926
935 662
692 108
778 920
660 642
504 899
167 402
133 270
173 849
198 804
564 38
444 655
826 857
204 917
155 123
672 79
468 653
848 896
834 431
398 760
715 496
365 567
648 439
244 952
687 126
264 416
691 123
677 52
734 63
383 471
844 555
791 44
39 779
761 131
923 156
157 944
624 133
879 855
40 470
283 618
583 479
699 290
537 643
24 618
791 242
81 527
210 941
780 97
399 661
220 118
25 64
153 59
64 746
253 250
37 745
903 250
138 304
607 792
902 310
867 935
941 468
767 582
147 435
556 173
6 138
518 857
907 477
621 977
630 929
996 267
389 419
544 471
780 564
219 498
332 179
958 843
426 184
209 312
478 271
513 768
518 19
631 446
209 329
561 572
66 498
303 387
372 696
697 76
19 56
755 450
317 291
255 619
576 698
431 412
930 589
809 804
670 68
705 971
545 866
816 29
843 69
457 48
562 551
724 53
265 523
251 510
805 385
952 971
457 275
600 251
446 981
625 286
18 836
700 296
874 566
634 36
171 270
164 253
457 77
19 722
577 332
425 751
430 152
474 776
236 671
827 420
630 267
22 102
886 353
562 107
603 893
451 504
568 1000
403 406
37 427
899 256
90 715
899 684
920 384
900 894
832 860
841 898
900 781
978 29
375 623
653 361
996 882
124 685
346 875
733 773
220 376
2 679
920 350
849 264
902 274
905 565
154 538
251 530
609 648
557 232
685 819
18 323
484 180
485 221
414 219
439 700
483 500
290 332
9 140
372 752
69 841
200 545
493 100
575 250
779 278
655 178
588 375
298 229
941 781
191 370
485 657
252 380
145 403
367 669
575 472
429 670
446 260
397 320
952 137
899 898
424 290
597 225
134 673
382 529
950 911
411 221
350 775
698 628
714 865
108 144
97 865
574 461
779 935
102 498
800 410
433 359
732 605
897 560
970 70
784 910
434 779
297 513
69 45
111 614
775 721
373 423
429 405
234 127
736 88
348 235
496 830
626 700
55 492
917 497
78 55
188 563
742 110
744 418
138 456
603 660
708 723
215 234
306 642
128 174
606 521
148 161
188 674
690 540
971 729
591 492
349 913
659 388
169 752
422 738
573 930
129 164
476 303
458 210
820 945
414 25
440 445
441 996
298 935
926 213
713 688
806 471
455 255
259 528
833 427
303 443
964 519
731 308
164 659
922 734
317 363
913 428
713 914
398 20
402 171
973 416
646 462
649 122
373 692
51 176
624 734
454 863
916 960
100 931
636 970
397 501
165 105
22 994
773 874
153 625
190 692
729 166
917 895
661 997
313 847
387 432
5 513
16 358
288 539
515 844
349 254
670 924
179 931
328 423
79 954
516 433
420 494
120 952
192 325
196 373
789 504
93 923
538 56
760 136
424 23
654 722
548 113
473 544
573 514
496 858
903 145
708 383
253 667
50 577
287 892
181 409
615 280
447 378
711 985
243 288
608 42
423 509
898 764
272 745
129 784
757 795
522 217
704 748
9 490
829 190
615 510
203 556
650 77
721 47
629 686
522 168
502 632
564 483
567 563
820 917
802 424
949 55
458 754
4 698
133 986
635 926
119 225
892 39
341 807
38 957
902 806
87 55
542 24
416 49
800 919
839 270
131 471
204 775
80 509
647 903
834 138
375 302
982 498
198 301
697 642
482 16
891 948
587 95
456 939
465 803
898 172
677 162
1 641
936 484
331 490
776 333
207 311
908 890
714 185
222 848
60 27
282 13
356 926
480 142
564 359
980 203
310 326
516 405
650 995
615 969
83 200
834 935
675 268
993 177
336 604
767 867
288 995
129 33
516 715
721 591
997 746
135 15
15 981
938 188
864 49
920 323
775 63
360 368
893 954
604 51
99 376
21 469
644 586
355 567
63 846
154 694
284 617
820 587
696 601
647 406
940 156
725 978
603 506
388 122
78 440
599 110
964 441
531 758
163 666
191 375
647 692
704 918
815 694
375 127
929 55
68 517
397 633
859 306
431 302
18 129
769 607
863 363
226 892
618 966
639 752
730 188
308 330
277 773
403 694
616 315
728 405
680 536
532 601
551 271
649 771
761 651
752 186
973 842
503 543
931 630
734 393
538 933
369 735
102 471
265 996
599 459
280 845
953 899
59 256
706 617
545 685
875 98
213 535
785 382
126 296
473 762
183 931
832 959
960 228
102 305
49 443
432 269
378 569
179 520
910 119
458 373
1 169
401 975
119 839
12 367
215 336
254 174
572 791
154 1000
873 862
888 211
745 206
160 724
125 52
916 139
534 718
862 843
441 237
774 217
560 85
372 467
637 89
802 14
362 553
699 890
116 984
263 493
466 763
237 828
117 870
788 163
507 935
475 760
829 435
78 519
930 396
548 803
994 571
384 42
481 667
285 1000
250 308
694 588
199 166
966 937
117 553
482 502
601 884
673 327
178 927
217 67
772 838
757 633
300 764
1 815
56 302
576 933
381 162
123 726
553 401
992 661
9 553
563 206
107 186
658 198
715 443
739 305
957 474
691 472
636 671
326 235
532 962
572 247
238 318
596 253
368 613
248 639
167 966
149 787
245 378
67 514
840 438
500 936
746 832
852 160
784 173
16 199
571 49
940 800
919 248
500 991
284 796
56 557
759 891
923 643
873 492
485 30
822 439
737 365
333 90
938 620
923 816
717 308
827 348
259 885
725 906
855 27
803 676
823 758
646 18
170 235
213 343
214 240
930 289
623 156
809 560
312 120
99 336
25 661
411 892
639 938
802 359
397 641
96 782
925 363
428 837
416 901
492 144
988 471
647 930
27 317
321 24
36 549
273 925
579 89
730 487
916 944
278 345
65 396
861 928
511 123
536 707
615 625
687 100
9 222
726 714
710 335
268 502
805 41
473 528
420 9
512 841
89 544
573 206
478 402
983 723
931 785
680 44
925 51
193 691
782 533
491 946
311 71
540 462
775 820
282 379
174 325
421 788
734 957
660 507
182 67
510 332
846 490
245 993
391 973
656 354
841 89
988 911
419 412
628 166
704 638
65 736
909 737
750 753
219 123
628 213
175 512
258 949
121 781
124 436
343 154
370 739
111 174
152 479
611 547
418 791
485 357
435 751
916 417
274 61
459 278
523 321
392 221
341 806
752 723
113 94
265 483
110 764
526 979
29 137
412 55
311 803
172 663
433 657
270 60
915 457
276 661
958 489
308 391
156 931
575 175
658 477
680 573
697 641
865 743
113 378
664 621
813 895
766 801
639 573
913 169
843 40
718 900
921 678
169 73
973 781
377 430
382 953
177 447
348 761
757 851
300 628
563 6
149 617
944 943
62 766
176 569
856 171
783 698
240 688
885 32
563 804
802 692
417 658
325 505
822 258
148 550
719 169
926 310
743 23
749 898
148 405
242 536
370 549
98 532
64 748
27 528
267 1
859 683
343 378
550 972
315 285
715 796
617 798
437 945
656 334
127 652
306 843
241 562
955 346
519 53
102 801
769 402
150 683
82 693
1000 176
447 127
494 62
96 633
774 28
722 485
271 681
963 981
271 50
78 552
561 562
911 194
859 309
38 874
223 186
460 216
872 168
857 276
189 359
730 465
820 63
414 94
750 184
901 218
912 557
843 210
730 532
770 647
75 209
995 896
675 798
256 962
553 446
838 329
40 150
403 772
889 487
62 523
174 961
281 395
64 821
862 466
307 458
459 557
762 206
176 549
304 490
636 747
13 462
35 362
36 49
93 32
116 327
589 768
93 81
280 754
906 618
173 25
302 174
819 731
606 753
760 193
814 994
780 150
470 532
515 323
883 317
331 930
823 897
667 701
390 68
251 532
898 619
996 346
462 346
393 881
677 993
4 605
404 343
703 861
428 429
566 207
345 505
38 948
521 478
725 614
229 855
11 492
52 240
548 733
682 875
112 262
669 127
636 502
284 387
820 253
33 133
531 898
270 218
938 128
303 916
523 486
602 53
181 694
240 350
458 493
773 82
186 860
905 170
49 824
708 697
911 964
71 107
678 977
327 253
353 386
479 454
999 527
565 321
881 180
75 253
887 378
778 922
883 959
187 628
83 327
193 283
514 535
899 51
793 596
593 794
245 39
282 211
448 247
253 636
53 928
171 809
407 873
926 939
729 411
344 951
182 427
532 953
260 703
206 477
478 582
338 173
782 574
680 192
384 397
40 319
24 676
723 98
999 433
802 623
396 732
240 442
352 224
560 901
346 450
93 855
167 752
258 652
390 401
194 526
160 642
215 228
845 877
383 946
404 21
996 495
618 441
211 517
551 991
514 163
974 482
354 827
810 403
251 673
161 153
592 675
350 695
224 615
902 30
445 577
427 186
630 798
955 841
319 969
15 448
790 974
807 100
705 742
150 957
450 923
915 63
368 304
510 975
833 346
35 904
472 238
803 786
364 836
346 715
330 756
402 169
459 984
249 508
981 947
194 263
32 86
728 334
31 749
88 941
58 845
240 88
627 916
943 88
545 921
196 947
179 135
221 256
942 288
389 736
946 159
85 186
986 684
849 1000
574 495
151 426
724 472
905 642
175 288
434 858
417 410
511 344
44 541
124 787
213 718
555 939
614 394
484 756
559 383
187 902
185 514
809 472
942 220
376 147
908 404
767 841
153 461
348 914
495 251
888 798
689 938
205 434
287 668
38 530
484 371
43 168
100 303
397 881
503 158
567 373
971 596
848 281
387 796
243 481
544 994
374 404
553 884
276 442
253 42
481 817
940 472
873 779
543 273
809 531
759 307
544 704
318 725
345 211
220 789
631 245
759 416
624 621
904 87
40 925
937 145
723 640
204 993
777 312
62 306
725 82
763 131
66 849
571 820
771 278
455 289
421 401
887 290
778 850
429 902
126 592
587 46
400 148
311 486
39 951
425 871
62 620
451 739
623 699
491 226
917 514
826 53
773 622
957 257
391 479
127 991
918 404
576 59
888 765
158 521
150 763
850 329
723 173
686 35
482 709
818 171
896 545
804 106
845 578
495 825
248 122
965 185
197 847
254 176
291 390
516 693
957 965
962 849
589 462
182 44
383 997
976 541
722 49
888 185
403 784
927 130
345 706
567 443
167 777
524 462
929 378
186 261
849 195
816 916
636 269
391 726
802 91
399 247
755 962
864 896
350 655
674 129
588 511
418 451
147 3
601 636
142 778
39 390
332 396
61 714
393 272
652 834
201 948
123 494
126 771
52 930
237 410
248 653
624 792
571 995
454 165
296 259
110 917
946 325
127 985
527 800
360 650
783 330
17 95
435 248
240 96
313 788
904 849
463 782
302 812
218 26
247 532
784 790
931 713
4 385
297 409
654 511
876 315
23 788
339 227
638 453
291 68
37 424
274 778
483 940
124 970
509 128
89 946
756 135
791 384
944 313
484 450
871 214
718 383
51 438
245 567
401 899
21 390
718 520
300 451
747 618
733 947
807 396
167 813
407 430
579 309
686 507
963 146
746 302
215 33
497 772
546 9
752 830
218 118
609 623
792 185
902 194
466 648
105 472
566 383
403 393
308 10
845 285
683 78
248 971
355 17
160 922
895 747
695 831
476 811
447 496
632 773
728 452
378 197
398 174
493 788
250 685
61 944
49 904
873 654
644 81
916 926
921 748
743 517
728 226
472 416
878 616
409 433
567 744
469 445
878 987
829 173
227 743
255 753
984 426
586 418
128 758
491 170
239 696
476 286
115 582
22 150
524 876
197 84
646 514
761 41
615 898
282 498
639 8
804 83
951 412
610 286
258 363
277 189
225 228
706 431
435 769
224 60
975 443
392 792
944 293
229 293
728 636
858 695
175 835
396 684
551 760
272 482
488 826
974 193
263 163
25 174
851 374
140 681
56 596
642 807
2 646
242 771
99 918
667 664
780 921
674 372
33 356
917 208
521 543
754 355
744 464
85 882
102 633
958 774
775 436
195 888
657 745
450 105
802 498
87 380
779 60
271 117
538 205
518 478
404 5
815 616
981 848
354 952
964 514
512 719
123 57
677 472
130 909
639 650
93 408
153 709
705 944
208 616
209 705
304 887
566 647
420 853
437 977
593 603
354 49
856 435
805 70
992 691
114 977
226 247
463 198
839 875
362 724
408 723
271 818
156 541
625 436
398 710
540 443
338 255
266 608
124 812
550 708
75 548
515 252
917 304
365 915
59 40
649 873
248 95
231 814
970 856
991 880
996 686
24 90
154 959
660 389
382 313
76 764
663 754
947 147
505 850
489 437
971 873
879 352
55 354
383 849
258 512
885 575
770 872
189 731
270 599
54 190
972 661
883 18
662 698
314 283
959 361
746 358
987 112
475 772
466 705
473 363
384 756
42 496
61 564
557 463
925 43
983 341
90 484
184 97
78 637
27 509
377 624
873 923
446 869
553 533
919 546
223 209
152 622
616 179
835 467
907 974
948 18
877 84
971 147
920 627
316 836
99 44
998 924
160 440
240 246
280 344
354 98
726 778
140 489
127 363
757 928
792 732
478 195
615 518
27 57
728 218
984 68
307 473
719 484
804 294
472 263
239 643
871 417
496 701
574 392
761 135
541 705
302 79
18 638
3 238
813 705
409 139
743 128
603 789
396 409
95 806
419 126
597 587
103 182
984 640
903 399
609 21
500 994
887 790
196 507
287 159
788 743
880 576
393 633
362 798
590 862
762 522
135 409
48 1
513 201
147 439
901 610
99 942
120 403
671 136
417 77
699 362
711 439
833 709
9 267
835 115
986 493
717 691
78 447
246 557
704 196
750 493
826 453
708 929
892 70
267 685
587 560
454 617
271 173
610 755
373 599
262 608
156 227
782 347
431 299
52 60
331 79
761 758
423 951
37 565
433 691
804 902
235 936
237 409
66 771
599 431
472 86
268 600
473 243
554 252
203 486
994 487
999 634
527 803
730 477
57 685
577 38
961 135
389 662
92 46
354 606
59 404
980 20
818 923
544 288
729 445
808 44
439 470
888 282
541 133
643 363
230 505
785 268
75 748
650 898
779 746
214 845
822 652
608 792
885 292
462 15
358 492
340 623
436 622
856 360
439 869
666 219
724 981
357 172
874 70
284 207
125 64
145 792
555 545
992 389
311 715
280 1
814 706
256 58
202 810
385 346
713 446
861 377
582 391
494 105
59 540
998 393
792 309
159 338
824 412
744 147
356 556
301 712
103 892
532 196
756 538
184 496
924 830
90 476
419 914
297 285
62 30
673 491
329 653
807 928
247 183
803 416
825 385
62 376
190 781
878 594
643 397
311 523
136 465
403 580
688 790
763 330
82 310
378 932
718 962
942 266
981 352
722 176
417 909
415 654
642 464
503 572
204 703
776 264
183 787
573 167
741 773
979 240
466 485
799 421
488 693
32 615
18 868
988 354
832 926
207 14
916 829
55 202
40 289
791 310
448 84
863 758
227 853
67 289
504 430
358 57
604 289
810 988
524 34
489 758
951 189
771 971
556 339
225 453
945 717
824 747
876 732
128 162
510 422
902 498
150 631
79 407
210 290
998 331
582 522
750 728
362 617
759 922
284 746
63 131
640 188
72 302
129 953
132 520
794 957
264 640
798 93
593 13
646 17
829 221
837 906
787 413
274 184
898 798
800 784
470 476
75 300
77 662
979 779
796 324
29 719
270 39
952 58
790 814
39 734
578 12
864 949
929 734
568 10
74 767
826 846
406 662
298 487
669 788
710 416
161 549
539 264
154 294
458 137
86 505
365 590
494 786
248 420
88 205
643 135
250 450
776 292
947 344
816 717
608 627
6 724
279 320
171 863
927 340
231 75
214 958
236 739
130 876
311 211
153 177
814 62
357 945
603 953
286 503
416 219
783 833
842 271
571 327
662 114
775 817
27 521
6 625
197 873
736 245
20 694
811 741
59 920
443 313
836 176
699 664
791 246
392 644
46 753
268 802
401 842
719 778
88 392
945 889
750 756
647 664
738 293
789 952
681 839
612 765
573 849
833 760
941 653
236 512
328 724
536 473
240 489
159 120
907 658
637 143
935 64
260 328
498 239
640 422
878 122
330 564
170 93
890 588
997 360
449 386
275 250
539 601
898 213
152 926
482 445
88 796
147 677
761 571
134 877
874 890
356 725
620 266
86 426
638 128
662 611
700 658
938 779
286 373
565 862
71 339
610 131
205 861
792 844
778 803
218 509
161 803
550 263
520 886
766 510
600 4
642 313
736 452
648 815
763 705
288 793
479 502
828 387
520 596
600 290
701 764
407 625
933 818
382 264
36 333
917 452
922 334
629 842
405 144
813 115
542 947
665 613
974 204
47 353
160 716
626 595
275 629
595 820
634 786
67 399
344 112
209 716
931 470
185 216
684 6
261 339
487 875
994 817
578 688
464 496
321 409
871 705
603 111
108 967
220 981
759 352
320 735
730 102
158 391
307 971
713 844
389 706
597 502
51 462
531 984
968 670
458 500
97 668
191 426
910 444
968 749
277 769
95 14
98 818
133 365
942 525
263 990
621 50
625 55
184 459
347 873
388 317
783 340
400 355
199 877
917 834
39 964
351 950
256 981
14 258
914 372
974 700
776 365
260 902
926 803
710 138
69 274
770 855
553 93
148 743
771 329
822 894
446 824
267 25
164 73
992 858
828 48
847 468
619 924
614 449
582 99
698 548
148 453
165 609
115 906
477 271
101 611
799 230
340 761
968 254
127 723
310 465
77 99
831 721
872 926
214 701
505 559
896 446
471 198
236 969
573 582
244 460
554 769
29 744
466 834
712 950
452 256
8 981
24 7
149 806
561 224
837 627
507 368
414 220
107 858
609 764
494 110
828 858
